23553	27248
23536	28230
24474	26232
22969	29649
21167	27333
25214	28215
25175	27987
23454	27623
24448	26273
24422	26080
22622	26993
23658	29358
21937	26868
23123	25825
21872	27340
24395	26068
25101	26660
21584	28615
22022	29798
23332	28240
25388	26093
24648	26320
23407	26492
25351	27758
21578	28009
24093	29574
24048	28250
23597	28209
21672	28144
21230	29629
21735	25615
21052	27048
23663	28511
23785	26446
24205	27709
24865	25544
21126	29140
24917	26290
21693	28963
22736	26572
22136	29360
24450	29844
24662	29400
21026	27960
23823	29443
21803	27539
23344	27925
23965	26056
22352	27299
22108	26310
22971	29718
22513	28503
24722	25860
22807	29158
23841	26982
23821	29159
21341	28207
25466	29726
25270	28083
22881	29007
23005	26505
25035	27890
21618	26991
21402	25530
24591	26099
24882	28530
22028	28334
23999	26914
21109	25883
25368	27122
22311	25840
22170	29999
23934	28208
23701	28543
23804	27632
23102	29682
21564	27810
24961	27278
21778	27887
25269	25859
22696	26546
21016	29272
25443	26786
23169	26726
23167	29057
24031	26044
24433	27609
24324	26817
21474	26773
21255	27302
22226	28006
24143	27549
22322	26177
25441	27292
22604	25951
24688	28460
21463	27376
21289	27512
24258	28812
23868	27503
23971	29874
24754	25792
24629	25558
21881	27454
21972	25658
21757	25957
21019	28862
23207	25517
21774	28925
25106	29616
24685	25773
23836	28989
22192	26918
21633	29425
21844	29813
22144	25777
21957	25714
22551	27732
21290	25549
25162	29129
25417	28443
25016	25935
21155	29000
22271	26065
24056	25882
22435	25742
24140	25678
21627	29291
22477	25786
22152	26593
22318	28601
21108	28370
22533	28758
22252	26837
23524	26108
21997	25571
21895	28512
21119	25663
25117	28214
24105	26652
23478	29195
21824	26661
24057	28447
21527	26100
25028	26222
24646	29987
21924	27559
21821	26281
22985	27371
21781	27165
23170	25561
25008	28297
24854	26863
23010	28518
22711	28190
25209	29514
21870	29744
24271	26499
21194	29340
23889	27781
24101	26514
24970	26289
24529	27136
23639	27102
21793	27788
21974	29048
24894	28005
21828	27817
22180	25881
24799	27204
23130	28481
24824	27007
22457	27687
25251	26421
25344	27160
23786	28685
25385	25999
21766	27457
21003	29434
24248	27795
22039	26559
24189	25891
21022	27343
21473	27357
22836	26458
21309	28124
25415	28336
21995	26377
21117	28572
23946	27563
21482	29697
22803	27672
24046	28810
23077	27893
24519	29406
22295	26387
24602	29037
23384	29067
23931	29826
23613	29671
23365	27370
25250	28901
23136	27352
25107	25665
21530	27213
25055	26370
23073	27663
23391	26558
24237	27665
23985	26133
25079	28073
23688	26775
22229	29729
22837	27086
24141	26441
21488	27873
21842	26242
21951	28638
21683	26218
22197	29495
21719	26397
22589	26382
24797	27256
22364	29967
25103	28920
22734	25671
22658	26145
22853	25559
24462	27405
24908	28026
23975	29177
21142	27495
21657	27045
25199	26861
22361	28894
21884	28217
23280	25529
21459	29278
22600	26532
24138	28784
22944	28278
21730	27684
21927	26658
25282	29836
24500	28604
24612	29006
21296	29953
21311	27250
23715	27350
24881	25649
25073	27207
22138	29970
24563	29536
25212	27516
24902	27811
23767	29388
21208	26922
24187	25597
25144	29974
24075	26688
25297	26742
23470	28759
22368	29732
23784	28848
22098	28268
21484	28839
22378	27970
22319	28327
22518	27736
22724	27877
23665	27562
23963	28563
22447	28937
22034	29835
22692	29012
25121	27814
24593	28607
22428	25668
21715	29988
24472	27851
21151	29781
22390	29659
21412	29631
25421	27399
24041	26343
23649	26221
23315	26740
23217	28870
23469	25902
22041	28727
21603	28779
24978	27993
22560	29755
25098	27775
21325	26381
21133	27043
24148	29264
22277	29802
23550	29603
22006	27229
24226	28746
21622	26051
21857	29492
21351	29932
22202	27608
23676	28462
25021	27597
22053	27974
21061	25945
25355	29526
23111	29756
22958	26078
25243	29197
22014	25896
23482	28345
24290	27550
23506	29713
21371	26854
22049	26843
22668	28739
23234	26638
21955	25853
22326	29305
24402	28080
23225	25819
24113	26407
23438	25831
24465	27101
21161	28592
23916	26461
23324	27391
25445	28178
23394	28350
21942	25696
23546	28974
24784	28371
25126	28417
25402	28331
23710	27700
22055	27107
25409	29118
21092	28128
23662	26295
22476	27274
22875	27060
21096	29405
24504	26664
22412	29945
21789	26780
21332	29294
21587	28312
21272	29825
24309	29419
21020	28843
23048	26977
24918	25778
23481	29484
21164	28719
21569	28722
23117	29539
23510	28655
24499	26408
24289	26203
24584	27144
23471	29240
23343	29563
23650	29608
22880	28647
21481	26955
24368	27828
24983	25572
24506	27375
23798	25907
22781	26681
23243	27030
23389	29625
25330	28066
25069	28959
23259	28056
23326	26886
21705	28339
22487	26963
21015	27650
23866	26782
24338	28864
24061	27897
25485	28874
23768	27190
23707	27918
22087	26062
22191	26685
24262	28533
24050	28732
24623	26432
23335	28192
23544	27285
25068	27112
21301	29990
22862	29966
25149	28321
21970	29114
25137	28715
23704	26764
21381	28827
24635	27909
23561	29794
24418	29723
25165	28928
25397	27646
22018	28713
22064	28549
21356	26496
22290	28978
21357	29709
23428	26979
22413	28790
22065	26767
22057	25664
21958	28438
23918	25632
24374	25989
22160	27534
24517	27283
21157	28970
21913	26063
21742	28251
23160	29896
24001	25832
23009	28857
24268	27202
22331	28038
22876	26419
23068	27224
23685	28747
23245	29687
22073	27679
22456	27310
23423	28451
24030	28505
21911	26244
24103	27115
22315	27186
22172	29668
23288	29651
23957	27496
23894	27404
24680	28065
24988	29322
23794	29892
21837	27465
25248	29867
22198	25569
24114	26176
21920	29233
23779	28140
25232	29154
23028	28973
23693	28765
24388	28526
25465	26059
22686	27232
22777	29759
23922	28735
21625	28752
22392	28241
25180	25894
23060	28556
21588	28051
23642	27000
22158	29185
23995	29576
21059	29397
25023	26684
23495	25870
21316	29908
23565	28426
24975	26952
23305	28384
24022	27019
21102	27666
23456	26335
25276	25889
22702	25601
22077	26752
23339	27091
23881	29862
24375	29381
22951	28628
25321	27036
21612	28402
22453	28711
21277	29782
23630	29182
21191	26143
24769	26047
21750	28519
23675	27990
22787	26175
23958	26999
21218	26448
21807	26627
23211	29779
25313	29667
22767	25877
21541	26168
24282	26442
21645	25849
23692	28465
23119	26814
22137	29720
22303	26030
22047	26447
21395	27255
25476	29101
21057	29364
21808	29061
22738	28865
24615	26701
24107	26850
21137	25936
21679	28201
22359	29144
25047	25726
21260	28216
22629	26711
24518	25737
21190	25916
21783	29806
22938	26718
23515	26390
24830	27353
25457	28488
22040	29248
22580	26899
22107	25763
23826	29453
24755	26124
23358	28611
24967	29194
22973	27069
21542	29347
23555	26646
21188	26008
21132	26006
24357	28893
24969	26954
21291	27776
24495	27118
22954	26809
23493	29124
23106	28021
22161	28025
24553	27683
22569	26928
23346	26762
23084	29470
23716	28289
22357	26585
24307	27318
22809	27145
21141	25995
21021	27884
21506	25500
22382	27643
25083	25589
23299	27635
24407	27759
21585	26322
22134	27471
22723	25560
23274	25809
25110	26781
21099	28046
23620	28392
23172	25513
22839	26267
21809	27721
24842	28596
22956	27193
23872	26083
24973	26510
23525	26389
25032	27040
24567	26883
22822	28917
24130	29065
22795	26733
24513	27262
23333	29025
21925	26897
22272	25838
22576	26082
24213	29391
24485	26763
22949	29707
25227	25555
23801	29089
24505	26165
24283	25636
21079	26859
21894	28423
21544	26583
22050	26507
23904	28514
21234	27757
24579	29378
23672	29474
24259	28838
22185	29506
25156	29869
22095	25850
21253	28844
23529	27958
21833	27992
25426	28984
24435	27762
23414	28922
22910	26098
21898	29213
21004	26117
21513	29439
23066	28815
24655	26347
24565	26277
23863	28888
21321	29865
25147	26966
23433	29648
21153	26248
24702	28547
21344	28343
23537	28879
23041	27026
24540	29404
24216	28831
25086	25771
22387	28284
23147	29130
22830	26490
22438	27612
24000	26011
25478	29855
24949	28755
24952	25680
23046	27475
22046	26417
21461	29298
23589	27161
21929	28459
25420	29178
25463	26828
21907	27234
25302	26962
22634	27491
22059	25892
25185	29363
21064	28529
21217	28531
22682	29883
21147	26597
24631	26748
21758	28877
24410	28091
21948	25937
24822	29327
21367	29980
24665	27124
23788	28055
23745	29618
24574	29972
23468	26563
25294	27832
21540	27761
24007	28248
24866	25540
22163	29245
22763	29627
24343	26257
21706	29102
22349	26674
21089	29783
24763	28860
21174	26462
23293	28585
21212	29587
22017	28386
22409	27573
22337	29040
23327	28074
24344	29407
24035	25736
23372	29678
23262	25645
23683	27718
23917	27522
25089	29960
24182	26744
24110	26330
21361	27830
25176	28905
25062	29304
23977	28353
22101	27525
24818	27961
23251	26379
24805	26148
25072	26896
23316	29458
25188	28003
25123	29797
23932	29489
23838	25647
21224	26327
24974	29556
25349	29267
21066	26127
23459	27927
24473	27462
23598	29591
25354	29753
21111	28958
24481	27247
22269	29128
22680	28960
22430	28330
24850	27079
23708	29469
22117	29147
23655	28552
22674	26802
21087	28586
24836	27425
21333	26144
21769	29053
21785	29923
25053	28313
21156	25824
23003	25642
23813	28149
22986	27128
24619	27803
24445	29280
21308	26344
21315	26818
23668	29547
25031	27474
25358	26536
25325	29446
21969	28142
21176	29834
24068	27455
24336	25879
22903	29809
22793	29951
24575	29681
23226	29906
24479	28161
21414	26312
25014	27377
25026	26555
22093	27792
24059	27158
24586	29691
23163	27664
24328	25839
25305	28761
24230	29995
23885	26137
25324	29023
23067	26455
24900	25685
22579	26275
21030	28494
24756	29209
22440	26535
22679	26105
23418	27924
22407	26041
22305	27530
22466	29784
22630	26433
21681	28319
25337	28097
21805	26033
23224	27326
24675	29462
23265	29559
23258	29573
23562	27655
22118	26356
24176	28320
24341	27304
22090	29229
21197	28077
23954	27437
22675	29220
23698	26396
23652	29125
22249	28116
21034	27117
21114	29527
21732	25598
24649	27297
24461	26613
25412	28186
25153	28539
22761	26139
22200	29249
24510	29863
21965	26066
22689	29692
25177	29290
25143	29930
25451	26355
21949	25643
22907	28987
24109	27648
21297	26967
24088	29190
23071	26725
22719	28246
24616	27591
21960	25939
23406	29230
21741	26067
24944	29973
24914	28808
22638	28322
25488	27243
21401	27777
21776	27745
22281	29680
21773	28152
21619	26965
21312	27986
24705	26317
21035	28629
24454	29663
21933	26193
23072	29275
22691	28247
24870	29956
21556	28072
23674	28700
21519	27640
21691	27296
25316	28412
24389	28060
21431	28076
21759	27671
24696	27032
22376	29206
23157	28164
21767	27228
22054	25676
24555	28926
21816	27339
23061	25660
23083	29441
24211	29661
23953	27682
22701	27426
23805	27899
24534	26187
22780	27093
21496	27836
21813	26769
25290	28997
22066	29157
24948	26420
25357	28035
21806	26114
23092	27341
25097	26169
22212	27982
21685	25579
24314	27587
25080	29594
23600	27505
24397	28971
22706	29279
21835	26981
23852	28510
22733	26414
24725	28858
21537	28299
24446	25689
22467	28683
24298	26206
22424	29409
22697	26071
22314	28110
24792	27108
21292	28889
25273	27140
21445	25576
23893	27419
25455	26026
25379	27279
21304	25890
22122	29273
24076	28450
25312	27056
23110	26920
23774	28167
25039	27303
21257	26258
24406	25583
21860	29861
22243	28052
22408	26804
22644	27013
23448	29630
21765	26449
24643	29615
23939	29131
24421	28436
21244	28326
21697	29287
24449	27180
22797	25577
22594	25823
22695	26707
25467	28119
22130	26864
25092	27901
22815	26339
23361	27434
23505	26307
21639	25972
24231	27540
22642	29715
22562	28945
23241	28873
21661	28291
24576	29708
25193	29738
25468	27917
21150	27329
21455	29078
22149	27412
21387	25970
21653	25755
23463	27463
24126	28619
25390	26192
22362	27645
22109	29263
23127	29982
22508	26503
21883	26438
23634	26340
22080	27698
23399	29770
25336	25810
24935	29981
23275	28538
21761	27747
21122	26800
21239	27932
22030	28933
22563	27312
23590	26034
23633	29903
21423	28616
23462	25735
23232	28019
24430	29324
21570	28748
24955	27150
21426	27070
22248	25567
22391	28232
23782	27626
21841	25834
24451	29589
25450	29850
21713	27445
21120	28883
21600	26508
24860	28657
22571	29172
22247	26926
23568	26031
25194	28709
25058	26374
21652	26520
23165	27782
22499	27740
24813	29815
21046	29634
21354	25524
25183	25757
24160	27706
21320	29192
24686	28872
25219	28677
22554	26765
22401	27315
25400	27347
23306	28184
24880	26481
25413	27998
24378	26427
22280	26346
21831	25969
23514	29058
21404	26821
24228	29003
22712	25912
25470	29509
23014	28361
25043	29426
21822	28173
21932	25759
24875	26454
22957	26774
22977	25776
25052	27657
23347	28047
24299	29917
21427	26690
22215	27196
22325	26402
23368	25884
23196	28740
22539	26416
23063	27097
22757	29009
22495	28651
24664	28501
23492	25946
21400	26201
21273	29976
24840	27867
21931	28940
25034	25692
21330	29669
24976	25592
21017	28187
22294	26231
22067	26272
25430	26443
23121	25837
23413	28602
24492	25987
21135	25865
25414	29864
23032	27497
23133	25926
25365	26150
22279	29241
25494	27249
21592	28706
23328	25527
21216	28335
24270	26656
23727	29922
23220	28016
23491	28688
24957	27221
22189	27581
21265	25869
24390	26463
23530	25624
21365	26070
23455	26911
24826	27200
22741	29208
23921	29891
22317	26401
22105	29611
23045	29320
23366	27052
24981	26368
23035	29800
21704	27403
21583	28504
22482	28227
22570	27617
21179	28430
22869	29421
25220	26577
23195	29497
24132	26968
22221	26197
24746	28475
24931	25753
23962	28806
23004	28461
21182	27331
24717	28840
22178	29008
21522	28944
23496	27359
25280	28316
22450	26035
24771	28382
23447	27408
23989	28957
22607	27014
23564	28613
24524	27372
23231	28123
24766	28094
23738	26053
22762	28507
23291	26132
21258	25682
23599	27351
23603	29852
21817	28422
22759	28069
21523	29751
23731	26007
24151	28522
22650	25827
24296	26110
23396	26779
25181	25534
22193	28751
24466	29164
22663	28777
23449	29700
21094	25743
21476	28569
21331	29156
22312	26136
23079	27598
22332	27383
22534	26152
25367	29036
22785	28935
21264	28771
21923	27734
24795	27387
22340	29321
24637	29676
22052	29204
24607	27325
21775	29686
23297	29336
22616	29553
23581	28115
23593	28871
22330	26838
21710	28587
23846	28907
21572	27146
25295	25820
22004	25924
21186	26373
25217	27566
23523	27051
21504	26101
23392	29549
22902	29383
25300	27421
24455	28710
22021	28972
24493	28388
25418	28229
25447	26526
22334	28785
25333	25566
25469	28057
21853	27061
21520	28833
21787	26805
22908	26472
21100	28112
22310	27493
22918	26141
22728	27988
24227	28595
24497	28048
22000	25931
23621	27641
24142	29799
21139	29472
22940	26796
25244	28099
23873	28008
21251	28172
23174	29201
23058	26013
23142	26551
22933	27409
23420	29353
25042	28174
22074	28198
24946	28245
25238	28100
22789	28811
25010	26826
25160	27610
24798	28631
25339	29635
22529	27660
24653	29524
24632	27920
22964	29313
22930	26156
24055	29510
23959	28455
24597	26323
21187	26342
25132	27021
23812	28171
25410	28749
23900	26353
24810	27123
24399	25628
24369	29971
24802	29435
21106	26604
25189	28428
23355	27804
21298	28929
22522	29227
24414	28379
24748	27198
24072	26146
22288	27790
24588	27159
23808	26902
22347	25654
21071	29060
21989	29534
22208	29701
21317	29575
21558	29482
22190	28023
24239	29712
24785	25920
22360	28652
22871	29113
21373	25607
23088	28188
21047	26130
23025	27363
22939	25582
24078	28085
24630	25520
21688	26708
22431	27271
23839	27695
25202	29282
24843	28658
21377	28405
24183	25977
24667	27459
23735	28659
23832	29677
22321	26540
24306	27863
23426	25706
21362	28670
22655	29774
23436	28081
24045	29505
21443	28448
22851	29690
25399	27417
22324	27281
22672	27692
21865	25796
22515	25710
22063	27742
23480	27195
23871	29374
25464	27708
21734	28977
22688	25733
22443	28480
23191	28980
22353	27831
23027	26225
22309	26641
24325	27771
25247	29088
22111	26969
25104	29097
23289	29650
25377	27816
24484	29357
23920	28995
24044	26682
23753	25631
22850	29152
23775	25988
23559	29126
24180	26579
24163	27900
21885	27240
21992	28635
23743	26298
24620	25764
22478	29196
22388	26331
22847	27162
25423	27854
24033	27185
21637	26903
22997	27444
24890	27944
23076	28352
25310	25748
25444	28267
22355	28689
21893	27192
21919	28292
24550	29858
24292	28826
23180	28193
23031	29993
21538	27618
24699	26523
23862	25504
24201	26252
22211	27604
22856	28300
23507	25609
23830	26227
25436	28393
24626	29545
21086	29345
21861	26153
22381	25944
21714	29639
21634	26929
21890	29212
25373	28199
25438	29633
21702	25974
22525	27415
24963	26202
22333	26182
23888	28308
22213	28497
22472	28684
23081	25734
22927	26865
21882	27941
24240	28189
24745	28276
21036	28866
24617	28809
23490	26888
24852	26159
22704	26554
25375	29361
25135	26645
23756	28454
24942	27004
25120	26556
23742	29355
25111	26212
25454	27743
22464	26014
24640	27769
23337	26020
22502	27593
21676	27606
24734	29228
22181	29457
24335	25899
24212	26885
24639	29644
23458	25614
24531	27510
23070	25979
24694	26738
23242	27574
22874	26833
21605	27746
24441	26045
21180	26297
22826	26644
25007	29816
21905	29493
22328	28508
24927	26002
24405	28160
21075	27729
21391	25965
24488	27808
23678	28714
23645	26085
21549	28041
23093	29909
22439	28404
22888	28817
23053	29525
21468	26125
25218	26938
22788	28362
21629	26224
21698	27601
24634	28125
24053	26431
22092	25964
22516	26761
21545	26474
24120	29546
22590	27066
21205	28027
24647	26406
24864	27983
24762	27507
21550	29107
22583	26675
23938	26352
22657	26575
21699	27300
23141	26378
23383	25897
22258	28398
22612	26935
21363	25648
23744	27911
24392	25703
22129	25797
24242	29116
22094	28012
24137	27855
22157	26890
23526	27571
21410	29082
22621	27005
24806	29268
23809	28946
22636	29660
23432	26179
22651	28707
24972	26058
24253	28996
23519	28223
24911	26204
23855	28896
22205	26112
22846	27638
23795	27328
21500	27934
23614	28435
21352	26072
23673	26115
21852	28910
21418	26951
24697	27031
25029	29296
25408	29733
24069	29283
24992	26074
22841	29521
22510	27397
21768	29935
23374	26695
24993	29226
21470	29223
22882	26484
24767	29964
24960	28410
24757	29049
23052	28760
23980	29069
22921	29349
25245	26945
22892	25635
22814	25686
23214	29254
23548	29503
21725	29142
21641	27518
22730	29860
23879	26494
24232	26750
25424	28159
23520	28766
21077	26835
23155	26010
25099	29079
22615	26301
22009	27785
24196	27411
22535	29031
24428	29200
22259	27265
23748	26467
21888	27293
23947	28040
24042	29026
25195	27996
25134	28824
22694	27533
22999	29354
25498	26654
21366	28078
23421	28939
23557	25557
23681	29285
22475	26255
25223	29020
22296	27129
23766	28653
21656	25802
24490	27506
22103	28829
23509	28606
24541	26195
25361	25872
22123	25756
24145	27896
22611	28222
22351	27308
22805	28903
22173	26391
22089	29501
22485	27994
22298	27594
23587	29875
24501	26439
24360	29431
25124	26385
22660	26842
22526	27975
21531	27950
22100	28381
25326	26568
21655	28022
23714	29062
24938	28043
23237	29288
22978	29377
22283	28156
21534	26336
22496	29033
25146	28730
25343	25739
21200	29881
23362	27955
22566	29151
24695	28548
25171	26788
22043	26319
25084	26241
23484	25547
22866	25841
21658	26770
21873	26592
21838	29262
24167	29187
21739	25554
25293	25854
25108	29465
23499	25519
23902	28930
25170	26522
25353	29754
25159	29785
23185	25563
24674	27856
21579	26946
23973	27257
23219	28609
22262	29710
22261	28151
24269	28253
21561	26493
22254	26611
23969	26081
25372	27179
23020	25768
23181	25898
21963	28886
21041	25893
21007	29445
22879	29293
22549	27191
22404	25727
25271	27324
21517	27639
23227	26259
24396	28224
23412	29179
23440	27103
23935	27821
23193	25794
21049	27842
24054	27071
24342	28279
25497	29763
24571	28643
23912	27109
23103	28588
23085	28664
22802	27600
23842	26119
25013	28697
23964	25808
24156	29050
21711	28861
22365	27675
24772	28095
23702	26609
23528	27398
25425	29606
23002	29466
21717	28058
24781	26309
24381	29376
24570	29413
22878	28570
22974	27607
23682	26663
22721	25510
25350	29674
22541	25732
25003	28162
21636	29522
21154	29658
23628	27206
23825	25641
24023	25539
25265	27513
24713	29181
22647	26976
21532	28101
25119	29694
24727	27910
22752	25934
22291	26012
21606	27429
23646	29760
21703	25707
24415	29829
23660	27637
21326	25847
25125	27064
22069	26155
22434	27514
22555	26616
24085	25789
25391	28952
22632	26996
24159	25638
24701	28315
21236	26749
24404	29216
21660	27472
24086	26624
22857	26274
23502	27267
23115	29705
21447	28407
25256	28621
25429	26341
21127	29490
23278	28692
22270	27603
24278	25908
25419	28109
24684	28724
22890	26022
21632	27241
24079	25960
21839	26964
23607	26686
22912	25683
24921	29269
24166	29916
22567	25955
22442	28660
25306	28446
21245	26704
24272	28642
24489	26459
23042	26978
21343	27844
21709	28579
22980	27552
22883	29318
23972	27520
23401	26530
23533	29323
25001	27656
24937	27551
24117	26306
23198	27057
23903	25627
21471	28237
25411	29722
23586	28583
21878	29675
22735	28493
22061	25961
25211	27919
23803	28842
21590	29979
24034	27827
22199	29359
24768	28490
23578	29448
22804	29163
21874	28571
25262	29554
22483	26375
21782	27731
23584	27715
22798	29893
23240	26846
24660	25996
25462	27794
24547	27083
21727	26411
25046	26228
21478	25719
21220	29134
25081	27441
21082	27327
21491	28590
24899	26048
21173	29991
21201	29479
24558	26908
22722	26542
23179	28775
23489	26264
22833	29180
24996	27364
21903	29236
22085	26746
24058	29557
21480	29984
22217	28130
23778	28419
24752	25711
21074	26893
22925	27269
23981	27443
24018	26548
22115	26721
21054	26636
22732	27360
25274	26216
23728	27914
24260	28225
21263	29788
23570	25933
22827	28036
25252	29772
24719	29120
21499	27661
24910	25941
25203	29148
23627	28515
23314	26332
21284	26691
21306	25954
23062	28111
23595	28781
24544	27012
24135	26628
23556	29856
24119	26360
21928	29996
24144	28823
23149	27916
23075	29299
25472	29910
21983	29260
23684	28418
22975	26858
21700	26666
23623	27908
23325	26853
23552	26599
22524	28728
21267	27470
23925	28593
23485	26060
24372	26190
24236	29936
22426	26019
23696	27410
22038	29520
23802	27619
22354	25754
23176	26313
21755	27259
21798	28163
21901	25687
24099	27087
22731	29830
21490	25612
24581	26149
22037	27092
23840	27374
21010	25580
24458	26736
21763	25581
24538	25885
22772	29730
22790	25921
24096	27348
25063	26118
24029	28695
22341	27532
25340	27270
23124	28170
24118	26869
22056	27369
25374	25751
21675	26866
25102	27737
23354	28968
24039	27658
24887	26564
22917	27435
25376	26653
24293	27065
21215	26569
21287	25985
22783	26518
22016	28796
21124	27054
21797	27980
21380	28880
21084	27464
23819	26758
22024	28409
23104	29035
21830	26097
25113	29652
22396	26430
23356	28359
22497	26457
22779	28878
24744	27311
24177	28092
23611	25604
25392	26037
22405	27730
22327	28181
22169	27010
23998	25586
22666	28141
21546	25669
22602	25821
21286	26392
21206	29963
22469	28469
22414	29741
23400	28087
22470	26538
21604	28649
25320	26415
24844	29582
21670	29535
24340	27580
21724	28773
22996	26576
22717	29366
21335	28663
23331	27448
24560	26845
24599	29679
24625	29199
21213	27845
25150	28712
24321	26889
24739	26398
25241	29735
24609	29592
22292	25864
24738	29793
22481	29350
23194	28244
24219	29551
21999	27362
22102	27546
21037	28258
22285	25766
24741	25644
22720	29165
25433	26196
21664	29955
21722	29792
21068	27723
23960	27976
23513	28853
22403	28271
22618	25775
22765	26829
22072	27218
22609	27209
23024	26394
23937	27035
21796	27864
21181	27616
22919	26471
24521	28367
24985	28551
21631	26719
24986	27130
21635	27699
24463	26129
22860	26444
24200	26215
23575	28049
21677	28673
21749	26921
24364	29902
21385	25913
21671	29309
22019	26358
21011	27203
25095	26223
22231	29121
22001	26174
23930	26303
22791	28793
22121	28841
21850	29418
22982	27869
25459	27294
22313	27876
22707	29937
24552	29617
23777	26825
22503	27642
22058	27142
24080	26302
22251	28433
25317	26642
24353	27244
23349	27177
21581	25848
24724	28011
24264	26753
23878	27305
24650	27062
23175	25507
23869	27345
21152	28669
23573	26350
23867	29317
24358	27554
25011	27538
21143	27978
25075	28778
25201	26600
24246	26452
25383	27251
23806	26423
21465	27063
21686	29424
24776	28395
23059	26477
24333	28062
22132	27852
23204	29758
24940	28756
23266	29946
23405	27125
24413	29696
24692	27614
21548	27413
23814	27973
22417	26669
25303	28776
23796	26734
24215	26870
22233	25741
23378	26844
24432	26516
24464	28954
22776	28280
22829	26009
25066	27861
21256	25761
22770	27442
21294	27628
25474	28716
23726	27344
25173	26324
24966	26054
21814	28273
21285	25975
25018	29538
23577	29670
21950	28286
23834	28636
22084	26534
25133	29024
24313	27235
21912	28117
22116	26453
23500	27620
21382	26633
21640	26650
21575	29927
23690	25857
24774	25720
22449	26827
22893	27667
21428	26596
22598	28282
23095	25616
24453	29716
21740	28157
24128	27984
24172	29346
23019	27528
25315	27567
22079	28071
23752	26028
24066	29739
23629	26566
24951	29938
22726	29877
22363	27582
22031	27962
22648	27291
23203	26590
21535	26729
21956	25675
25356	27366
22228	26943
21518	29565
23146	29812
24027	28037
22253	26160
23829	27774
25060	27486
22898	28303
23984	28555
23859	26621
22159	29326
24923	28594
24633	28133
21375	27967
22861	29890
23367	29952
21198	27818
21503	25830
23874	27081
23256	28690
24779	27796
21458	29075
24977	27392
22003	26185
24051	27647
23312	29332
21736	26881
23015	26410
23371	26722
23381	26783
25272	25807
25233	28294
22671	26947
24192	28145
24383	26797
23390	28979
22687	29110
25322	29369
24440	29250
25261	25779
21926	27846
24989	26567
24939	29555
24162	25537
24222	26894
21616	27217
23431	27307
25460	28341
21647	29042
21896	27786
23222	26088
24895	26960
23086	28913
24284	27096
22627	27885
24348	26354
24346	29872
21509	25674
24092	27689
22543	29123
22151	26971
23113	28324
23451	29447
21811	27113
24214	26527
21723	25716
24083	29683
24275	28729
21866	27502
24580	27850
22299	28014
24063	26213
22870	25650
24995	25816
25020	29773
21547	27420
22764	29420
25366	27726
23532	29382
21964	29530
21673	27813
21449	28789
21475	27848
21454	29544
25161	29876
22948	26956
24523	26280
24315	28646
23197	28820
24255	25992
23567	29736
25197	27791
23994	25667
22859	27822
23952	28927
23441	28694
25148	27336
21038	26699
23319	26794
22979	29473
25112	26557
21746	28895
22904	25526
24749	26001
22071	29810
23740	28644
21446	27500
21553	29795
21654	28850
24352	25818
22677	29787
23064	27760
22091	26167
21533	27834
23941	26371
21687	28261
24129	28028
24803	25691
24028	26680
22542	27879
22667	27662
23606	26547
24930	29950
24928	26279
24732	27288
23036	26334
24217	25505
23824	27636
24883	27355
24557	29266
21855	29252
25249	28122
24714	27022
22610	29925
25116	25596
24572	27531
23617	26425
24491	29385
23970	28444
22394	29072
22816	25814
22737	25846
22967	29796
21707	28681
23379	26543
24102	27716
22550	26399
25264	28233
24370	28457
22932	27095
21945	26994
21405	26990
24134	26917
24777	29455
22044	26288
25208	26855
21528	29331
21166	26464
21916	26992
22082	28741
24837	27099
22432	25746
22998	27134
23199	27997
21668	27024
24644	29117
22433	28153
22838	25661
24945	27384
24964	27337
25169	27319
23759	28332
22437	29064
25085	26393
24081	26906
23720	29169
22165	29176
23444	27386
21879	27596
23722	26747
23363	28578
23719	27481
24796	26096
23535	26138
24013	25855
22282	25799
22379	27766
22083	29664
24241	29093
23697	25866
23724	27954
21598	28698
22774	26405
21032	29672
22586	28477
22164	29747
21322	29791
25224	27889
21486	29949
23860	27143
24131	29211
22643	29341
21125	29790
24807	26651
24011	27041
23201	28568
25298	27261
23640	29537
23817	28680
24909	29013
24401	27615
21967	26158
23755	28821
24912	28483
24084	26529
23709	25983
23721	27077
24308	25994
23792	29018
21615	29777
22635	25785
22238	28932
21760	28897
21043	28546
25283	25919
23464	26120
24347	27047
22959	26256
22119	28050
21067	26043
22868	29029
24968	26539
22877	29814
25138	25772
22891	25991
22048	28550
22245	27479
23787	26581
22126	27948
24104	26359
23747	29602
23033	25752
22369	29166
21005	28032
22124	27802
23173	26004
24108	26673
24849	27807
25314	28988
24009	25532
25342	26172
23094	29562
24569	28437
21275	28039
23783	26017
23178	28816
22901	27935
23631	25887
25164	26349
23202	25900
21921	26560
22406	29141
25074	28390
22538	26435
21738	25990
21959	26123
24331	29143
25422	29541
23746	28667
23997	28835
24520	28540
23870	27187
23591	26276
22895	25922
21525	28947
24848	27634
24279	29352
22817	25788
21856	27969
25281	26326
22220	25629
24170	27082
22060	26932
24733	27058
25064	29769
24477	25522
24525	28949
24476	26587
24098	28845
25230	28890
22372	26308
24043	27592
22916	29947
21720	26697
24758	26923
21914	26077
22195	28104
25027	29046
21586	26913
21756	25782
24475	26498
24133	26451
25127	28368
25051	29742
21489	28686
22640	29823
22393	26075
22155	26509
24164	29919
21943	28416
23000	27306
22745	26338
23467	28915
24706	25862
24391	26705
25200	25868
21701	27074
22575	29401
22577	29879
21360	28950
25242	29105
22284	27694
22255	29888
21328	28846
21976	29122
23408	29170
23128	27199
23996	27659
21348	27378
21228	25515
23512	27141
24010	26073
24371	26424
23887	29276
22335	28990
22528	26907
21350	29302
24999	27039
24024	29087
21900	28521
23583	28004
21827	26665
22264	27223
23208	25962
24125	26403
25484	25506
22714	27390
24562	26580
25331	29483
24700	27681
22230	25774
21172	26363
25172	29370
21398	26524
24641	27797
22831	29540
25398	28976
22471	28445
23488	27653
24276	26676
24124	29929
23542	26751
22800	27714
24366	28033
24327	25594
22963	27680
24090	28165
23159	29572
25130	29237
23054	26383
24409	25605
22746	29904
23686	27155
23114	28059
23656	28413
24208	28985
22530	29219
22703	28314
24411	29265
22700	29427
22624	25570
22493	28479
23370	28148
23899	27602
22020	29994
21081	29312
21795	25861
23233	29403
24535	26995
23765	28792
25489	29171
25334	28063
22214	26983
22639	29684
21973	27258
24672	29568
22415	29348
23369	27338
21904	28266
24794	27414
24922	28176
23695	25980
22886	26476
21826	28017
25301	26679
23263	27654
21130	29001
24751	29596
21819	26912
21801	26251
22968	27578
21183	25613
22942	29768
21812	29609
24384	27881
22573	29968
21589	27110
24858	28337
22429	25930
24186	27466
25071	26550
22915	26884
22936	27254
22961	27728
23351	29478
25341	26975
21716	29957
22153	29548
22519	29257
24155	28002
25059	25783
25381	28500
21338	26618
21477	28255
24991	29897
23816	29231
24169	28138
22135	29334
24424	29533
23118	26426
25475	27753
22864	26032
23087	29613
24932	26362
24123	28951
25432	28924
22887	29749
24206	25718
23476	26194
23504	28484
22086	28908
21495	25842
24878	28738
21940	27137
22088	26930
23409	29645
21799	28912
21851	28745
22760	28143
24578	29626
21163	26807
25065	25543
22274	26219
21399	28385
22794	28734
22289	28564
23770	28600
21433	29310
25473	28429
25396	26079
23992	27599
21388	28769
21847	27184
24934	27868
21846	29372
23725	27841
25449	29978
21347	26162
21918	26170
23377	29599
24668	29091
22174	27622
24456	29764
24173	27668
24149	29771
22099	29528
23422	28054
23799	28254
22455	29127
23277	26164
23056	29622
24122	28458
21689	27106
25091	29375
23982	29311
21193	25904
21165	26525
22834	29270
21411	28804
22358	26003
22546	27733
24726	27461
21938	28814
23387	27963
21464	27943
21696	25708
21611	28329
24037	25622
24916	29092
24094	28470
21148	25588
23065	27764
23435	26873
21939	26732
21915	29459
21340	28013
22491	27320
22207	25971
24526	26789
24442	27849
21226	28983
24608	27929
23588	27037
21731	26836
21790	28818
23699	28634
24886	26157
24994	28536
24257	25619
24958	26293
25168	25538
24682	28168
24516	29442
23427	26173
22937	25600
23221	25546
23016	26367
21597	27266
25318	28075
23021	29584
21595	29640
23858	29940
23479	29428
23255	27001
21027	27704
22113	26670
25431	28001
24984	28220
25285	29183
21511	29734
24209	28147
23983	26901
22556	29878
23789	27116
23936	28938
23430	29714
22820	29016
22005	26856
22068	28042
24185	27416
22705	26737
23318	27358
25141	28965
21368	29567
22150	29306
22784	28705
21159	25646
22715	26552
22678	28067
23760	28717
22909	29032
22813	26483
21409	26816
22960	26147
24016	26668
21299	28265
24247	28044
23309	28030
22128	27365
24416	28365
25198	29580
23914	26024
24693	29907
21576	28805
22106	27473
23987	29745
22366	26135
21238	29244
25077	26862
23006	26027
21070	26234
24245	29485
21988	29637
23246	27690
24363	26716
21259	29202
23210	29504
23342	27928
24301	29884
24559	25871
21271	29849
21369	26637
21966	26230
22559	27964
22544	27953
23364	26980
21868	27521
21060	29804
23050	27543
25284	26851
22568	27535
23038	27469
24561	27801
21329	27952
22578	28302
23460	27965
22420	26958
21170	28800
21559	27541
23923	26287
22966	28726
23373	26253
24657	28911
21444	26766
25378	27428
22842	29846
24508	26328
24249	29207
22896	26741
22946	26657
23026	28934
25268	27119
21609	29542
22661	26052
21917	28565
22383	26808
23541	26388
23382	26659
24828	28787
21610	28618
21863	28591
21453	26210
24595	25677
21006	27579
24146	26562
24537	29150
22461	28018
23253	28993
23908	28517
21044	26086
22641	28632
25458	28902
21800	29822
21694	26512
24817	25780
25174	27120
25178	28630
24005	28285
24467	25981
24838	27025
23419	28086
22223	25873
21804	28770
22300	29277
22596	29789
23551	26422
25387	29011
23223	29811
21408	28626
24193	27569
22863	28211
22545	25978
23230	25943
25167	29052
22664	29654
24359	29833
24478	28356
24447	28310
24158	26694
25129	25575
24979	26815
22991	28577
25186	29410
24286	29028
23713	28221
22552	28855
23929	26988
22179	25595
22210	27839
21207	28340
25154	28134
21121	29380
24564	27008
21747	29905
22397	26895
23566	27548
24267	26840
22786	25672
25155	26961
21565	29251
23527	29076
24770	27164
23876	29986
22242	29432
23950	27768
21946	26936
21466	28269
23956	27431
23166	29098
21048	28492
24835	26409
21379	27547
23897	29642
23637	28672
21276	28737
22858	27334
21149	26429
23308	27499
24311	29193
22806	27342
24600	25918
25440	27956
23281	25793
22553	26495
21232	26847
23039	29258
22778	27853
22995	27611
24047	25911
23404	27230
23090	29831
24760	27478
22204	26345
21339	29106
24919	26163
24548	26601
22454	25795
24302	29186
25304	27979
21334	28082
24002	27149
24671	26016
25231	28537
21729	27565
23915	28213
22002	29746
23283	29396
21875	28301
23612	28126
22488	27053
23580	25584
24287	26743
25389	28859
24266	25670
23773	27725
23294	29189
23125	26785
25240	26040
21000	27649
23250	25895
24457	25863
25182	26710
22587	29848
24351	26208
24097	26260
23164	26588
24614	28567
23089	26412
22474	26262
22139	26369
22758	26698
24179	29238
23616	25940
24925	28998
25239	26571
22601	28994
21472	26877
22154	29086
22953	25679
22427	29695
22633	29928
24152	29511
23574	28650
22239	29477
24191	25545
25456	28918
23815	27323
21158	26501
24154	29073
25235	27452
22176	26820
22808	29847
21935	26565
23679	28391
21452	27450
22451	25585
21891	25948
25480	29765
24898	27883
21376	25704
25446	27750
21028	26029
21093	29600
24305	28468
25403	27098
21013	26261
23216	29437
21996	26189
21859	25512
23397	29456
22988	29430
22810	25630
21980	25952
22257	28399
22350	28562
25369	26286
22970	27809
23791	29081
22297	26813
23037	29337
21607	29063
21211	26731
23891	28485
23393	27644
23749	29926
22374	26092
21254	26090
24841	28482
21971	28317
23122	28449
22608	27176
23051	26200
23582	27173
23883	26822
24545	27702
25056	26364
24683	25550
21203	28914
21345	28347
22441	25851
22342	27719
24503	26325
21008	27892
21078	28411
24393	29662
23928	27028
22934	27833
22367	27703
23486	29463
23951	29055
21088	28991
23148	29838
21282	27295
23290	26949
22748	28849
22614	27226
23845	26039
22446	26183
25024	26754
21346	26834
25382	27501
24583	29225
24542	28394
24982	27154
24174	29839
23357	29612
23518	26678
24703	27433
22473	29450
21944	27284
24889	27823
22670	29750
24816	29761
22709	27354
23669	28744
25030	29653
21524	29820
22219	26589
24884	28166
23818	29379
22593	25625
25258	29914
24077	28535
22480	28772
25145	28053
22265	29703
23353	25949
24052	29737
25040	26005
22852	29246
23966	28200
24071	25573
22194	26940
23849	25723
23585	28558
24065	27075
23844	26799
25087	26887
22012	25749
25308	29014
21283	26437
21690	29004
25323	25541
21313	26502
24893	26662
22070	29300
24233	28427
22981	25511
21954	28875
24707	29724
25221	28723
22377	29271
22662	28487
25257	28351
24823	28891
23229	29585
22557	26643
21626	29417
23856	28474
23310	26121
24861	29998
24929	25928
22188	27724
23843	27874
25263	28764
24229	26214
22462	29931
24793	29100
21383	26910
24273	26872
25184	26777
24350	28502
23411	26586
23129	25637
22133	29857
23884	25521
23152	28242
21184	26792
24654	27906
24808	26239
24913	26142
21788	28675
23429	28281
23850	29371
23596	29416
24265	26757
22751	28802
21370	26199
24025	26113
23949	26941
23571	29080
25452	29977
24210	28064
21867	26233
24603	26154
22162	27487
23188	25833
21042	27898
21630	29119
22225	27482
24317	26246
22584	26635
25384	29859
24202	28544
25405	25856
23498	26830
22588	28118
22209	27282
25006	28305
25254	29429
22928	29866
24361	27595
23522	29921
24417	28708
21751	27273
25114	29005
23545	29162
23880	27126
21568	27088
24735	26989
22444	28575
23380	26832
21396	28204
23249	28863
23472	27167
22626	28236
23861	27451
21053	26759
24585	29944
23758	27826
24494	28797
21103	28262
24207	28129
21779	27669
23769	29221
23192	27735
24238	25929
22645	26950
24551	29620
21849	29725
24408	26506
22182	27272
21836	26025
22514	27385
23497	27178
23670	29330
21993	29685
23013	29411
23168	27633
23543	29841
23030	27394
23944	28584
24829	28015
25360	29515
24885	25815
22371	25681
23877	27002
21745	26395
23153	26648
22042	28471
24032	29803
23457	28882
22097	27891
24020	27825
24556	26867
24661	28523
21968	26000
24073	29808
22865	29059
21554	28736
24947	26713
21199	26278
23416	25767
24874	27691
24252	29508
25307	27439
24482	29387
21389	26689
22505	28499
23547	28884
22740	27182
22201	29992
21737	29636
23017	26795
22078	25878
23677	25747
21666	25591
23940	29253
24161	27780
22186	27446
23776	27276
23109	28400
23139	27476
22799	26561
21261	25508
21233	27456
21494	25801
22156	28701
24439	25574
23501	27246
23209	27882
24901	27275
24190	26042
22308	28936
21248	28767
23186	25620
21095	28106
24175	26900
22653	28513
23345	27605
21871	28275
22175	28909
24709	26095
24398	26603
22345	28354
24310	25556
22725	28088
25311	29719
24876	29924
24936	27044
22507	25731
23238	29837
23750	29507
24386	27583
21516	25623
21225	28520
23473	28007
22127	27865
23605	26647
23011	26475
23252	26211
23609	27778
25380	29969
24658	27860
24778	26491
23521	26687
22673	25906
21825	25812
22458	28612
24959	26703
23835	29051
23763	26357
25048	26605
21820	27749
21864	28439
22286	25822
23831	29099
21721	29727
21252	28919
24297	28941
22235	29519
21985	27301
21073	27949
23116	28576
21941	26934
21051	26046
25352	27880
21543	29168
25204	27132
21072	28452
24652	25725
21854	28868
22976	26931
21744	26450
21353	29095
21045	27556
21432	28620
23807	27090
23158	29256
22885	26094
25158	29289
23320	29757
25105	28406
24312	29133
23023	27697
24855	26549
21845	27460
23483	27104
21650	29232
24429	28476
21777	25867
21728	28742
21560	27139
23235	28346
21498	27215
22848	25722
25477	26434
22523	28478
22884	28656
25152	29885
24820	29601
24373	25548
24587	27458
23905	28527
24679	25806
23043	26905
24869	25758
24263	29641
22619	28582
22468	28869
21384	25876
23943	27763
22196	28293
25002	27068
24362	29471
23150	29214
24106	27631
25328	29657
21302	25564
25082	27263
21437	27484
24295	27504
21001	25700
25442	29198
24610	28581
21314	28662
21240	26944
23712	26619
21596	26755
24087	25587
24787	27705
21305	29303
25187	27905
25253	26544
24965	28589
24438	29112
24326	26916
22385	26841
21110	27627
21743	28982
24337	28024
24188	28158
24194	25770
23452	29365
22504	26226
24452	28179
21105	29215
25225	26798
22114	29394
24067	27981
22987	26128
24319	29167
23398	26784
22743	26578
24365	28625
21192	28525
23800	29308
21648	28197
21726	26057
23096	29632
23323	25803
23558	27468
22769	29043
21336	27779
22592	26049
24382	26671
23991	26268
25054	27438
25036	29740
23395	29155
24980	27046
25309	26634
23924	29390
24704	27029
23329	29342
24859	27447
22380	27572
24775	26709
24782	26084
21358	27055
22025	29135
21327	25813
25416	29224
21091	28434
23986	29205
22716	28854
23126	26927
21138	27050
23461	29084
24469	26245
23711	28679
24903	26537
21364	26111
21222	29513
23737	29444
21684	26924
21665	28486
22984	26237
21557	27237
21695	28277
21555	25927
22825	29149
23632	29918
21417	27033
21090	26584
23285	27748
23474	29899
24765	28397
24243	28304
21479	29019
22681	29328
21168	28298
24021	28605
24666	28453
23078	26878
24621	27016
24786	25662
21624	29569
21209	27174
23847	28372
24412	27147
21223	27820
23503	28045
23653	27236
21539	29368
24064	25997
25406	26329
24514	29647
24303	25984
23689	26485
21413	29468
23797	29821
25115	25956
24250	29307
24628	26291
21563	25639
24181	29516
22756	29467
24577	27872
21288	26696
21493	29146
24801	26904
22699	28794
22177	26939
23184	27453
22026	29748
24933	27838
24204	27483
23171	29242
23177	28079
21593	26683
24040	27930
24971	27685
25038	29261
25205	27701
21227	28876
25246	26768
23247	29807
24825	29475
23069	29292
22146	27201
24012	29325
21023	29954
24846	29581
21177	27589
21580	28942
24622	26806
21063	28464
25499	27894
24345	29039
21649	27824
21145	27693
21497	29015
24845	29828
25345	29871
25362	28274
21123	27517
22792	29597
22411	28617
25296	27553
22914	27309
22873	29386
21662	27576
23074	27537
25275	29027
22941	29338
21601	29900
22120	26015
25019	28235
23341	25784
22145	26184
23828	25503
23906	25715
24434	28121
22448	29030
22768	28369
25041	27957
21991	28676
21407	29942
24221	26852
24905	26620
24907	28961
21961	29913
22962	28610
21421	26445
24498	27175
24862	25917
22708	28259
23615	28509
21617	27034
23145	26598
24594	26812
22620	29780
21906	28290
24636	29384
24549	28256
22395	27100
21083	29436
21056	28177
23911	26103
23967	27210
21902	29422
22801	27991
24642	28360
24017	25533
25049	28424
21620	26533
23978	27157
23961	29021
23976	27406
23206	26839
21936	29854
21131	29656
22033	27166
23445	27373
24304	29851
23475	28899
22565	29222
21422	29344
24111	26296
24566	29586
25179	25910
24136	28127
24339	27784
25094	27436
24740	27544
22452	26692
24322	25836
24920	26667
21214	25606
21512	29041
23334	26756
21406	27972
21097	27015
23012	25886
21815	25729
25287	27290
23143	26018
23350	29174
23304	29880
22216	28175
25493	26515
24659	27529
25009	26428
24831	27280
23276	28154
21591	29137
23156	27652
22143	29440
24349	28666
24879	28795
24596	28212
21733	28704
24377	26771
22419	26465
25370	28566
23385	25791
23264	29842
21229	27711
21678	26727
22224	27211
21113	25905
25394	25652
21250	27915
24873	27335
23644	26109
21014	27678
21646	27561
22665	26482
25492	29512
22023	27011
23538	26116
22828	29247
21268	27027
22246	25932
21012	29115
21146	27105
21355	26702
21526	29564
24334	27903
23101	28191
21372	27902
23352	27586
23100	28205
22993	25728
24712	28375
22167	29399
23443	28348
24819	25762
22316	27018
21040	26064
21429	26205
24592	27321
24354	28532
24598	29570
21310	27878
24906	28559
24839	26880
22572	26050
24601	26801
21266	28674
21485	29173
22782	26372
23638	25874
23108	27121
24867	25888
21608	27564
23626	27381
21442	26672
21832	26171
25461	26717
22498	29153
22338	27815
24168	29805
22045	29002
23138	26236
24788	28807
21438	26376
23993	29070
21460	29911
23706	28441
21342	26778
21242	28139
23948	29498
21753	28169
24425	29044
22983	26925
23641	25973
21420	26728
23388	26217
25213	28836
23618	27545
21050	29801
24718	27630
25491	26318
23898	27710
21241	27131
21397	26107
23919	27467
22445	26209
25490	27508
21514	27170
24150	26948
23680	28696
22141	26023
21551	27585
22142	28061
22398	29824
23375	29389
22421	26519
24178	26294
21877	27829
22926	28366
23622	27939
23534	25712
21643	27138
22273	25702
23882	26314
25131	27673
21169	28401
22771	28721
23666	28020
24444	28113
21134	27624
22835	27886
21979	29702
23643	28010
23732	26625
24443	27114
22654	29034
23700	28561
23007	27317
24871	26803
24780	28981
25157	26470
21613	29699
22894	26735
22595	26466
25109	26131
24008	29496
24459	28608
25329	25621
21599	26630
21984	28648
24568	27946
24121	27707
22744	29614
23955	28376
22320	27947
22812	29728
22384	29623
23022	27888
21185	28491
23183	26715
23822	29721
23272	28260
21419	29071
25292	26460
21810	28185
21274	28309
25196	26186
21175	27755
23417	28962
21978	27152
23099	28599
22599	25787
25215	29136
22304	27968
25395	26511
23279	27985
22029	26091
22656	29638
24990	27511
22947	26311
24759	26745
25435	27151
21552	28718
25404	26300
24070	28358
23540	25724
23667	26076
22344	27651
21085	27805
24427	26953
22597	26440
25139	26700
24950	25552
22581	27819
25255	27277
23757	28887
25428	26087
24800	26831
22727	26271
21574	25858
22623	29604
22931	27783
25070	26602
24480	26998
22506	27835
25234	29161
22531	25745
24710	25610
23913	26436
21876	27806
24856	29316
22256	26061
23572	28136
23453	28516
22307	27020
23739	29038
23311	29775
24380	27111
22684	27396
21802	29958
24773	25501
24195	25804
22582	26639
24515	25938
24750	25651
25078	25656
22036	28243
22423	29500
22872	29286
22241	27169
24218	28440
23910	27009
21231	29487
23942	27163
23228	25633
22676	26942
21300	29688
23044	27231
23268	29689
23402	29393
22184	28323
22293	25829
21062	27171
22011	29550
24613	26473
21536	27951
22008	29889
23635	29579
22278	28029
22492	27674
23091	27588
23790	28349
22564	26693
24877	27756
23517	26739
21112	29433
24224	27233
24997	25514
22690	26178
22375	26986
22532	29595
22574	28238
21642	29452
24896	25914
22096	25666
22929	26570
24256	27688
24038	26316
23896	26723
24019	28219
23466	29778
21435	27242
25045	26985
23560	27793
22603	27418
25393	28803
25439	26089
21323	27542
23434	26266
24095	28948
24814	28231
25222	27629
25067	26400
22521	28975
24743	28921
24783	27085
22479	26235
21510	27492
23659	28614
22015	25659
24483	28999
22276	29460
24496	26997
21394	26849
23267	25713
23576	27316
22750	26655
21840	27432
21281	29818
25093	26595
23212	26404
22275	29961
23477	29920
24288	26351
22821	29598
23810	27430
21002	28135
24789	29561
24323	26456
22494	29486
21279	26876
21441	27153
21764	26582
22900	29901
24670	25968
24355	28852
22032	28956
21247	26860
21515	27751
21858	27400
21712	28819
25163	29188
23040	27449
23762	27942
21674	28496
21378	26220
21415	29853
24139	26365
23730	27314
23260	29711
24791	29259
25495	27245
22540	27424
22613	29351
22166	27773
24728	29096
22889	25542
21237	28183
21909	28377
21880	26384
22081	25523
25364	26531
21998	26898
25434	29094
21786	25697
22591	27078
24638	27859
24157	27555
21246	25740
22035	28623
24528	28342
23594	28992
21621	29560
22548	29502
23864	25760
23661	27422
25259	25701
21196	29335
23780	26134
21762	25958
22819	26823
21219	25618
23410	29138
24721	25730
21602	28307
23988	28554
22013	25590
24460	26198
21897	26631
24723	28906
24851	28103
21374	29983
25057	26487
21424	28421
21792	27402
21393	29543
23865	26418
24251	29786
24690	27049
21962	25901
24127	25750
23909	27080
23671	28466
24403	25528
23055	27945
21390	27999
21204	29817
22234	27480
25286	28720
25236	29068
25291	25568
24691	28542
21987	29819
24554	26640
22606	27427
23601	27621
23761	26984
21644	28249
23144	29022
23112	27526
24872	27696
25096	29045
23131	26915
24663	26486
21128	29698
23134	29319
22558	28828
21770	29132
24274	29103
23554	28132
25319	26151
22110	26250
21990	26545
24153	25553
22649	27225
22637	29373
24502	27023
24112	28287
24280	28986
22410	25531
22585	25744
21752	25805
21303	28900
25022	28218
24611	27401
22148	27073
23200	27787
24532	25525
24904	29886
22823	29766
24223	27189
24618	29481
24821	28120
23494	28425
21235	27676
25118	27038
21982	28768
23107	28210
21886	29673
22685	28318
21270	27238
22536	29517
24868	28597
22849	28699
23691	26517
24711	26504
22867	27921
21025	27148
25371	27368
21848	28311
24834	28089
22402	28904
21115	29109
23303	29210
24184	27686
21055	28107
22509	27172
25332	26299
23105	25845
22628	28239
23321	27395
24198	26229
21118	28252
22416	29054
24509	29175
24285	26875
23424	27741
23979	28867
24062	28420
24753	26612
21623	28338
22652	26614
23854	29943
23313	25695
23162	29840
21614	29234
23569	25518
23340	29776
21029	28272
24376	28257
22561	29074
24471	29392
23833	27904
22399	26478
24026	29743
21278	25502
24888	26623
24651	28387
24673	25721
24486	26607
22336	29160
25346	28545
24998	27798
21307	27767
22773	28524
21651	28467
23511	28000
22062	26055
22906	27857
21293	27346
24812	27264
24199	26919
24539	29235
25407	29610
23018	27135
25278	26787
21434	27870
22747	26892
21065	29362
21039	29693
22796	29655
22425	26677
23239	27220
23236	28783
23244	29941
22844	29333
21577	29104
21834	28754
21780	29762
25453	29832
23811	27536
22683	29145
25166	25844
24220	28687
25142	28096
23302	28931
22625	29449
22739	28226
21843	27423
24171	25617
24804	26161
23359	28328
23151	28357
23820	29843
23837	25551
22922	29571
22832	27966
24708	28534
24147	27084
25025	28031
21439	29532
23097	29621
23926	27509
25190	25781
23137	28923
25348	26069
25487	27936
21680	27717
23348	29056
22811	28691
23651	26188
24891	27313
25076	29593
22755	26489
24962	28668
22729	26480
24470	29408
21638	26269
21669	27361
22051	26970
24954	29488
21457	27494
22389	26122
25481	27067
21975	27568
22517	28263
25050	29578
25100	27995
24244	25817
21718	29646
22753	26714
22840	27330
25279	26102
25192	27407
21031	28885
21823	27477
24049	27356
22845	29989
21116	28206
25482	27268
21269	28633
21910	29894
24546	25698
21009	29083
23439	28953
23338	28725
25386	27527
23608	25875
22955	27727
22266	28541
21448	27197
22339	25947
22302	28560
21430	29301
23307	25699
25496	28637
21922	28916
24863	27560
23301	29217
21221	28830
23857	25694
23292	27938
21663	27713
21784	29531
21953	25608
23415	29184
23771	27871
23317	29959
23736	27515
22356	29295
21160	29915
21977	25976
21392	28837
25401	29558
25017	27720
22527	25655
23687	29523
23080	26126
22990	28639
25037	26819
23029	26610
24761	28070
22855	26207
22076	27332
23886	27133
23269	29356
24225	29643
23047	26857
21986	28105
21748	27789
25229	29423
21249	27933
24669	28355
23322	25565
22007	26386
25471	28731
24677	27558
23386	26874
21521	28442
25206	29965
23132	29624
24582	26243
22010	28431
22659	29461
24589	26361
23793	26957
23703	25800
23257	29218
22713	28473
23271	27194
23135	28155
23648	27959
25044	28131
24116	25657
22484	25942
21628	28373
25005	29752
23034	26541
24605	29704
22899	26848
22237	28228
23729	27926
25363	28203
25151	26730
25437	27584
24091	26036
21195	28194
23254	28363
21505	29139
22250	29476
25299	26909
21899	28603
22287	25738
22486	27205
23516	27712
24737	29499
21889	29047
23754	26413
23296	28703
21456	29398
24956	25798
22187	26591
21469	28202
25136	28553
24300	29566
22140	27389
23282	29933
21507	25562
22171	26304
22710	27744
25266	28598
21659	27739
21930	27625
24234	25603
22422	27677
21359	28847
21947	27156
21467	26348
24235	26972
21098	26497
25210	26249
24437	29628
23741	26629
24720	28108
24533	26238
22489	27772
23161	28383
23286	26594
23624	28780
25226	25843
25479	25593
21451	25640
24487	28693
24624	29243
24074	29845
22490	26191
24197	28403
25000	28432
21069	26038
22766	28146
22459	29415
23694	27765
23945	29085
21080	25626
23579	29962
21295	28898
23907	25634
21829	29912
24060	27188
22520	29827
24367	26315
23336	27577
22818	29605
21566	29480
24468	27989
23300	28786
24953	29402
22646	28182
21436	29939
24530	29870
21024	25923
22617	26106
22206	29284
23848	26810
23189	27094
24731	27253
21107	26574
22306	29997
23733	28415
22854	28557
25277	25998
24590	28333
24926	27613
23187	29414
21794	28750
22386	29343
24897	29717
23563	28283
21101	29191
25335	25536
21178	27940
24764	28234
23213	25826
23008	26285
24689	28495
23625	27485
23751	27722
24036	26776
24330	26772
21567	27913
24736	27862
24507	25967
23604	25693
24115	29494
22511	25966
21136	25986
22512	26553
23360	27799
22989	29975
24742	26380
22112	27222
24426	27059
22465	29518
23602	25915
23330	29203
25128	27260
22075	28798
22348	26500
23450	25769
21483	26626
23901	28969
23990	29731
23664	28624
24281	26791
24277	26824
25061	29590
22994	28762
22373	29315
25260	28580
23851	28791
24522	26321
21708	29868
24387	26973
23654	27912
24627	27388
22501	28137
21562	27208
21349	27858
23140	25717
22222	29108
23287	28180
23215	27076
21981	25909
21262	28665
24698	25880
22183	26265
24003	27181
23425	29607
22742	26247
22329	28196
21202	27003
23154	25925
24681	28506
24915	28574
24809	29438
24419	27752
24329	29588
24318	27977
22131	29454
22631	29577
23717	27488
23049	26240
25122	27800
21171	25535
21582	25903
23261	26263
23927	29619
24015	26871
25090	27907
25237	26292
21162	26104
21487	27489
24687	27754
24394	27183
22605	25578
25191	29583
24827	26937
23827	27089
24941	27847
22168	29464
23446	25611
24543	28472
21425	27380
21386	27498
25486	28084
23508	29529
24254	25690
22370	25653
24604	28573
24165	26366
23619	28090
23853	28264
21403	26606
22125	27216
23636	28296
21934	25765
25347	25953
23610	29412
24924	25509
21076	26615
24385	26270
24203	26166
21508	28856
21210	26513
22897	26021
24606	27127
24715	28034
24847	27367
21692	27670
24511	28774
23465	26283
24645	26879
22754	28753
24006	26337
23895	25688
23772	28834
21018	26333
25448	29665
24423	26706
23403	29666
23284	27866
24747	29895
21573	28661
22775	26724
21450	26882
22263	26573
23205	28782
22669	27322
23657	25602
25012	29239
22346	28763
23120	27287
24291	29297
21502	26521
22227	26608
21440	29873
22236	28967
21862	27524
24420	29010
21337	27843
21754	28306
23974	25963
24811	29491
21318	28757
23273	27570
24892	26649
23182	26622
25359	28682
23295	25828
25338	26974
22203	29339
24716	28627
21994	26305
22718	27382
23057	26479
23764	28801
23539	29552
21501	25599
21033	28389
24676	26468
24833	28498
23549	27971
25015	26959
24400	27298
22240	26254
23270	29898
24082	28114
22952	26284
24853	25673
22920	27840
22537	27289
24730	28380
21772	27931
21594	28813
21280	28295
21791	25705
21529	28943
22547	27440
22749	27523
22992	27590
22924	27575
22323	28640
25267	26528
22027	28788
23437	26811
24729	28288
22244	28825
22905	29274
24261	27017
24987	28822
21952	29887
22301	28102
23218	28374
22260	27379
21319	28733
22218	27837
23442	25993
24527	28364
21416	28881
21140	28325
21908	29706
23376	28463
22943	28955
23592	25790
22913	27738
22500	27168
24815	29111
22463	28645
22923	26720
22418	27922
23487	27393
22460	28654
21129	27557
24320	27239
22147	27812
22232	25516
21571	27042
24294	27227
23190	27072
24678	25811
25004	26488
21771	28093
23718	28799
22343	29395
24004	28832
24943	25835
21667	28396
21492	28195
22950	28964
23098	27875
22911	25982
25427	28456
24512	28851
23781	27212
23647	27770
23248	29934
24790	27895
24356	25684
25216	29767
21144	28378
24857	29451
25140	27252
23734	29255
25289	28892
24332	28702
23875	28414
23933	26987
21243	26632
24089	27937
24436	29314
23892	27006
21324	27286
21104	26469
25288	27214
23968	26617
23531	26933
22945	27349
21462	26790
21058	29367
22972	29066
25033	29090
22436	26282
22843	25959
22268	29281
23890	28671
24316	27219
23298	28098
24014	26712
21892	27923
23001	29329
25228	27490
21189	26891
25327	28622
24832	26140
24573	29017
22698	28489
24379	29077
22104	28678
25483	28270
22935	29882
22267	26793
22824	25950
21887	25709
25207	25852
21818	26181
24536	26760
25088	28150
22693	27519
24431	26180
23705	29948
22400	28743
24100	29985
23082	28344
21869	28966
23723	28528
21682	28408
22965	28641
24656	28068
