24679	26701
23285	28618
21397	26443
22145	28509
24912	27024
24484	26289
23147	27922
22061	27344
24277	28696
24629	26776
21458	29007
22050	26152
22789	28999
21689	26164
25485	28639
25019	28043
21404	27934
24706	26159
21358	26177
23662	27273
24121	26054
22176	29500
22177	29682
22978	28261
21931	28905
24685	27837
21528	27241
21707	27662
23357	29228
23821	29541
25010	26307
24050	29422
23322	27063
24233	26750
24680	27228
21380	25911
21802	25738
22282	27737
21441	27477
24542	29138
21543	26033
21900	29298
21666	27352
24030	29038
24752	25528
21313	26891
21758	26124
22402	27230
24051	25851
24733	25872
21588	25932
22788	26371
24772	26817
24803	27025
24937	26109
24333	27117
21130	29428
21415	26190
25388	29899
22207	27914
23958	28934
23848	26012
21776	29160
22420	28942
21817	27806
23229	27988
22448	26782
21937	26103
24079	27656
24525	25880
25007	26121
21433	28337
21023	28961
21096	29761
23130	29434
23225	29975
24488	26493
24610	27545
24541	25860
23276	27471
25465	27416
24254	27963
21539	25605
22573	28260
23412	26708
22404	26885
23345	27040
22072	26047
22281	27969
22215	29966
24896	28490
22512	27448
22406	29994
24832	27589
21047	28733
24003	27870
21729	25978
22452	26600
24220	29357
22995	27515
25468	29776
23687	27412
23831	27976
25169	29019
24191	26050
23202	26433
22822	27348
22552	26483
24408	28102
25218	29328
25293	28524
23635	27586
25431	26202
21381	26659
22849	28722
21505	29828
21973	29596
24899	25701
24285	25686
23373	28887
25457	28886
23263	28738
21676	26238
24119	29818
21737	29154
21255	29654
25298	27918
24816	28297
25395	29928
24346	29387
22483	26900
21983	25579
25234	29141
23215	27411
24169	28166
21721	28067
21664	27850
23072	28011
21288	28476
24223	27733
25239	26063
23140	26839
22112	28242
21548	29103
23074	29641
21986	29080
22939	26632
22321	26157
23553	26114
21274	27290
21921	28973
23909	26407
25120	26464
24704	25603
21256	29772
25135	26678
22745	29698
23143	29502
23597	29332
23619	29406
21764	28795
23139	28539
23744	26617
22125	28178
22644	25542
22657	27641
24906	29872
22724	25598
21670	27714
21449	28282
23197	29553
22015	29358
22080	29878
23754	27215
21296	27451
24599	29110
21285	28062
23164	29299
24126	28600
21893	28277
25009	26507
22296	25743
24008	28861
22673	26778
22422	29469
23044	29463
25006	29687
24007	27682
23045	26094
23832	27212
24887	27128
22243	28594
22930	27637
22487	25557
21034	27306
25462	26060
21968	28047
21863	28535
24147	29526
24521	27763
22786	25638
24078	26866
22497	26470
23210	28304
22163	28772
22097	28778
23346	28460
21998	26826
22305	29290
21602	28948
25048	29901
25480	28568
21662	25699
22923	27663
24044	29771
23234	27404
21200	25941
22841	29437
22757	27020
24385	25834
21172	26471
22900	25619
25136	26442
25140	25819
22191	26099
21696	25817
21377	26479
21286	26187
21195	29949
21383	29779
24225	27912
24092	27367
24135	27435
21635	28437
25205	28457
23018	28549
25436	29256
21846	28251
21088	26330
22612	29532
24138	27891
24162	28246
21823	29919
23948	27370
23563	26517
21082	27520
23256	26833
23646	26642
23145	28826
24867	28917
25335	28023
25060	26609
21217	29594
21951	26488
22073	27296
21749	26656
24193	29065
24185	27276
21927	27104
22075	27675
23575	29886
22563	29803
22405	29907
23094	26138
21434	28222
22797	29708
23726	27319
22735	27498
24756	27692
25107	27058
22419	29479
23320	25691
24281	27854
25289	29825
21231	29180
21220	28367
25407	25719
21645	27784
23923	28582
25430	27227
23447	29128
23964	27012
22853	27236
23025	28730
24966	29647
24589	27098
21078	27005
22129	28145
22857	28823
22062	29811
21054	26985
23838	26440
21938	26882
24638	27006
23562	28620
24305	29602
22942	29504
21499	28899
25203	26350
23549	27440
22568	28710
24341	27603
21074	27027
25247	29171
23850	28530
21240	28424
22834	28066
21901	28685
24508	28488
24554	28098
21426	28912
23379	29334
22096	29680
21486	27263
22879	27620
22380	26181
22325	29397
21418	28294
22811	25818
21522	29135
21775	28896
24930	29031
24719	29294
22018	26611
23515	26871
24301	26593
24650	25529
24946	29106
24645	27269
22864	29158
23946	29860
23490	27541
23245	25709
24422	29266
23585	28982
22542	29470
24425	28092
24515	27095
25300	26544
22905	27610
24649	25874
23944	28028
23008	27245
22690	26548
24794	26132
24287	28515
23422	27152
25273	28035
22769	27122
22576	26798
23920	28920
22248	27142
21770	27847
23529	27254
22426	26101
22451	28103
21425	27047
25268	25640
21925	26332
21395	26118
23492	26597
21190	29001
21374	26633
23349	29536
22367	29400
23289	26264
24746	28351
23361	27920
24120	29494
21948	27322
25024	29865
23600	28605
21152	29188
24237	26515
24390	28244
23799	29149
25164	26595
23311	29227
23420	29730
21587	29041
21169	26444
21493	25767
23428	26226
23300	25858
21275	27053
25389	29023
24356	28421
21672	28110
21259	26758
24514	26731
24838	28063
23996	27681
21699	26582
22836	26042
24570	29320
23681	28281
23833	29074
23359	27417
21475	26589
23716	28312
23017	26755
25227	26232
23308	26569
23010	25935
22660	28972
21106	28732
21716	25783
23035	26284
24362	28856
24312	29840
22790	25812
21439	29220
22363	27800
21709	28454
24933	28188
24188	27360
21831	28311
22808	29444
22780	28493
24328	28347
24724	28232
24477	26831
24603	27430
21571	28563
24217	26592
21688	25586
25403	29885
23979	27195
22079	28656
23650	25997
21407	26255
22253	27648
23453	28621
21215	26762
23461	28684
23613	26583
23115	26215
21009	27524
21740	28713
25089	28529
21175	25774
24696	29525
21985	27493
24655	29589
23096	29389
23524	27108
21747	27247
22046	27838
22648	27255
23894	27268
22299	27490
25445	28901
24837	26711
23864	26662
21189	28087
21460	28388
21732	25808
24553	28250
22461	29781
24557	28149
23095	29755
23442	28789
23009	27953
21547	25628
22799	29679
23434	29136
25166	26189
24703	28581
23241	29314
22516	26242
22170	29946
23630	27937
25434	26531
24094	29826
23610	25800
23521	27688
21932	28815
21211	26964
23348	28504
21574	27767
23918	28848
22019	28266
24722	29430
25294	25688
22486	28283
24659	27089
22778	28480
23906	29251
25111	28085
25085	27349
23730	29873
22803	28100
22701	29774
22087	28376
21744	27747
24942	27426
24847	26280
21772	25912
24769	28830
23954	29666
25209	26903
23456	29315
21524	29835
22506	27564
21739	25573
22339	25958
24517	27085
24424	29850
22737	26455
25303	26779
23805	27611
21042	26397
24173	29173
23990	26947
21733	26188
22372	26472
22359	27537
22400	29077
23277	26552
24360	25580
25245	27642
24836	28324
22709	29520
24300	28518
24090	27751
22598	27754
23392	28720
23857	26309
22511	29482
21907	28013
21202	28933
23352	28783
22139	25861
23550	25987
22677	26147
22634	28160
24267	29126
21260	28041
22101	29942
23027	27256
23741	27713
23479	26278
21011	29556
24528	26677
21281	27797
22596	29775
24734	26752
25469	28668
22036	28099
25062	28503
25365	26663
21133	29215
23599	27794
21173	28824
21965	29486
24479	27769
21668	26052
21308	27766
25421	29079
22064	27636
24978	27661
21318	28880
24218	28919
22734	25567
21311	29267
23727	29952
23740	28842
24868	28946
25301	29927
23081	29454
25228	27575
22581	26484
25148	26131
22119	27213
21484	29388
23865	29206
24150	25966
24512	26599
22665	27630
21677	28571
25194	28302
24531	29483
24527	29505
21399	27334
21995	26235
24965	28650
23037	27775
25256	27318
25263	29644
22961	29538
22308	29473
22211	29452
21303	27205
25488	28817
21544	26270
23797	27156
21795	27535
23652	27818
24720	26946
23481	29856
24035	26586
21583	29565
24663	28663
24275	26935
22816	27720
23440	29004
24057	28478
21369	27824
23327	28630
23047	26641
24626	26251
22240	25975
22328	28394
22580	29879
21898	28165
21957	28354
23441	29845
23774	26643
23467	26574
24579	27078
24830	27680
25173	29243
24888	26765
25207	27379
24824	26904
22560	25914
22464	27149
23783	28321
24458	25952
21314	27707
22388	26986
21257	28164
23312	29268
25177	28233
22084	26005
21626	28873
24268	26786
21412	28801
22122	25670
24583	27727
23795	26740
22165	26315
22674	29932
24276	26355
22133	26414
21124	26123
24338	27957
21254	27392
25099	25717
23499	29583
22378	27288
24202	26391
21473	27219
24433	29768
21980	25853
24084	25585
22056	29655
21692	26191
21906	27664
23709	25797
22625	29125
24857	29073
23080	27632
21208	26931
23165	26529
25197	28955
21333	27377
22438	26772
22534	29225
23713	28692
23607	27525
21094	27573
21718	27067
24763	27163
24532	27261
23765	26079
23507	28006
22263	29323
21790	27814
21891	25814
24261	29221
23007	29808
25139	29614
21432	27672
22682	26751
23365	29021
24296	26489
24419	28990
21372	28936
24940	26108
22267	28987
23705	28937
23251	27561
24880	29664
24373	28409
21132	26790
23148	27424
22895	27406
22290	27717
23787	29858
21908	25980
22037	26690
21532	25518
23368	28945
23174	29883
25094	28853
22850	28898
25133	25948
22901	27374
22810	27783
24161	26810
24859	27587
21924	29499
21989	29066
21109	28346
24793	26886
24980	29216
25201	26951
21276	29625
23881	29271
21299	28591
22478	27592
21007	28718
23540	28839
24438	27037
22260	28831
23829	27308
23207	29399
22416	29770
24552	26620
25021	26288
24674	25807
25077	27817
24052	27499
25008	29535
23281	29003
23303	29743
24920	28448
24604	26921
23928	26832
24846	29988
25109	26051
22503	26473
24297	29027
22259	27434
23406	28204
22110	28461
21504	26413
22630	27667
23882	28930
23284	28906
22421	26616
24072	26913
23127	29312
22968	26197
25154	25669
23591	26623
23056	28838
23734	27051
24665	26950
22159	27036
21661	29903
24865	26102
24073	28837
24561	28187
22675	29740
21136	26199
21658	27895
24903	29143
24840	29468
22814	29793
21822	25833
24015	28135
24768	27194
25103	28882
24198	28025
25080	26297
23852	26809
24860	29506
21687	28228
23813	27945
22848	27069
23001	29192
22090	28588
24221	29045
24149	27842
22747	28523
24014	26714
22531	29153
23465	26705
22604	27159
21039	25811
21819	28131
24702	27330
24692	27906
25399	28307
23046	27810
21226	28270
23050	26525
23683	25737
21796	28773
23377	27930
25208	29508
24176	28419
21410	26746
22681	29333
23268	28784
21558	28306
23380	27984
24882	27654
21830	28528
25495	28353
24076	28708
21120	26175
22182	27018
24628	26085
23030	28863
22920	25777
21073	26321
24519	25693
24807	28758
24562	28200
22843	26576
21247	28231
23478	29440
25029	26272
24984	28479
21402	27893
25340	28976
24114	29156
21759	28004
23448	29467
25035	27879
24263	28243
25210	25611
23966	29884
23899	28048
24203	26602
23375	28889
23013	26505
24219	29777
24377	29807
23806	25983
22382	28038
25446	26259
24142	27980
25277	29759
23404	28704
24022	28576
23367	27926
24249	29726
22214	29193
23863	25877
22884	28596
21825	29449
22525	29241
23965	26540
21976	25971
22289	28762
22488	29719
21869	29014
21409	27487
25078	25977
25376	25720
23638	26004
21509	28174
22627	29071
23337	26263
22169	25790
22818	27559
23675	29008
21954	25897
23677	27910
23711	27981
24452	29843
21246	26822
23986	27141
23307	28992
23934	26183
21876	26996
23989	25879
24905	25655
21637	29293
23771	27096
24540	26892
24710	28361
22943	28468
23114	29376
23617	28378
23997	27056
24047	25787
21295	26698
25384	29099
22342	27992
24257	27123
24509	26320
22766	28849
23439	29562
21962	27792
21319	29821
24061	29382
23340	29786
21305	29377
24474	26036
21615	25550
21018	29481
22310	26107
24376	29578
21146	28492
24835	26805
23794	28455
21586	28031
22493	29920
23938	27300
24563	27320
23282	29981
24844	29933
21844	29091
23496	27030
23370	29493
21605	26430
23122	27303
25162	29741
22997	25979
24789	29184
22356	29306
24340	27203
24068	29269
22040	28184
25184	29588
23876	28744
21947	28483
25059	28210
25305	27226
23150	29547
25219	27371
23608	26091
21013	27312
22048	27118
21496	27684
21095	27153
21033	26024
23672	29313
22982	26449
23717	26838
21431	28805
23530	28929
24407	27034
25447	25752
21087	29827
25230	25708
21811	29700
22147	29881
22349	26046
22649	28042
24964	29965
22719	29303
24013	25993
24236	27851
21760	28348
22071	27008
24282	27621
24389	29465
24804	26756
22539	27505
25439	27523
23697	27176
22394	28828
22711	28086
24148	27258
23133	27698
24907	25677
21833	25888
24343	28623
23242	25843
24483	27168
21049	27740
23654	29418
24581	28533
23658	25566
25188	26857
21576	29524
23596	27665
25476	27121
23753	28985
23270	25785
23695	27188
23004	29976
23162	29897
24935	29083
23089	26466
23280	28604
23892	28818
21080	25549
21389	29970
22595	26560
23101	26113
23525	29006
25070	28453
24797	28252
25452	26781
24648	26725
23326	27174
23747	27677
23237	27459
24085	28220
21874	27615
23804	28688
24295	27649
22265	26420
22515	26895
23021	29280
22069	29441
22083	26830
22251	25906
24462	28965
24378	26848
23291	25676
23328	26098
24159	29606
21367	28868
22935	29958
25304	29600
21351	28364
24780	27979
23460	25955
22768	29832
22432	28916
23657	28236
21269	26700
22663	28352
24636	25864
24651	26749
23360	29121
23929	27736
25226	25501
21943	25795
25152	25816
25368	27478
22875	29866
25003	26206
24348	28790
25054	26358
21197	29489
22877	27129
23090	28671
22171	25618
24806	28366
21178	25840
23622	26736
21474	28847
21617	25945
24109	25786
22907	28168
21110	26031
23921	29910
21923	29972
22468	29308
21187	28225
21457	29973
22948	26058
23493	26870
25287	25793
23458	26970
21904	28446
24379	28382
23854	26166
23606	29063
22513	28977
23480	27990
24087	27173
24993	27386
24968	29310
23161	28327
21734	26055
24757	29586
22869	25540
23890	26193
22098	27598
25092	27466
23051	25732
25093	28264
24351	27298
21435	29146
21156	26942
21205	29162
22375	25601
24259	27801
23347	25801
24446	29569
24137	28397
22703	28580
24661	29338
22940	26512
24308	28657
23388	27967
21837	27872
21223	28129
23943	29174
22888	27590
22076	29248
21969	27357
24555	26723
23959	26436
24826	28053
22742	29662
23750	27278
23043	28888
24011	27960
23775	27196
25163	27594
21565	26992
23885	26237
24858	25944
23286	29798
21810	26761
22653	26460
22269	28574
22009	29247
21485	27126
24241	26219
22661	27337
22588	25885
22743	25643
23111	29784
24623	29321
21284	29731
23321	29119
22670	29024
24520	28064
24851	27830
24783	26557
21598	29289
23824	25575
22617	26347
25322	25962
23176	27243
22878	26380
22897	29178
25118	29799
21638	26733
22830	28958
22838	26285
24043	27151
23104	28698
21302	29639
25132	26977
24476	25552
24471	26145
23446	27127
23868	29093
21502	25606
23423	26768
25381	28049
25084	28065
23963	28641
23689	26023
23314	25772
22423	29574
21892	26477
23531	29537
23131	29632
23830	27453
24318	28572
25370	27557
21112	27465
22059	28534
21339	28890
22385	26213
22819	28963
21204	25614
24742	28286
21510	26693
22415	26343
22925	26317
21570	25803
23731	28943
22058	27508
23178	27669
24429	26172
25204	29210
22298	27100
24567	28026
23661	29978
21607	26703
25440	25635
23584	27601
23932	26518
22899	26071
21193	26231
21949	27526
21198	28542
23724	28333
23039	25652
22501	28583
22271	29181
25168	28003
21820	29517
21228	29598
21234	29343
24916	27394
22465	29278
21686	28253
23942	27678
24431	28375
21391	29852
24870	29658
21996	29232
24987	28374
21970	28459
24551	29403
24400	29202
24025	27959
25178	29421
24235	28309
23252	25924
22287	28683
25451	25727
22561	25587
24494	27748
25179	28435
25282	29092
24564	26868
21102	29002
21491	26899
24855	25712
22136	28056
23625	27689
21731	29548
24938	27659
22937	27355
21516	25599
22489	25730
25045	29240
25068	25650
21454	26926
24818	29570
24334	28521
22485	26084
25128	27428
25307	28643
22462	28734
22826	28046
22874	29855
21445	29236
21405	28749
22449	26520
25494	28959
23543	26618
21265	27112
21026	29060
23884	26960
21554	25916
24595	27539
25464	29105
21636	28241
25329	29864
24712	28239
21081	25672
21016	25749
23860	27251
25489	29542
24730	28995
24492	27497
23344	27456
21929	25751
24729	27889
25036	26125
24386	29621
22910	28418
25470	25594
23581	26585
23698	29089
22918	29766
22872	29599
21646	27192
21533	27506
24566	27185
24430	26421
21507	28743
21690	28813
21232	27175
21562	29727
24580	29033
22533	29487
22467	28010
23925	26463
24917	29846
23702	28159
22365	25741
23621	27799
25350	29713
24179	25919
25236	27711
22439	26861
21342	28469
23891	27186
22635	27182
21616	25996
23393	25780
22840	27097
24957	26377
22909	25664
23914	26954
24893	28575
22445	26485
24361	29375
23688	28615
22427	28000
24728	28016
22752	28814
23732	27223
25161	27340
22241	27102
21482	27877
24876	29322
22860	27697
25486	29078
22624	28584
23987	29523
22472	27376
22244	28978
22332	28319
23151	28637
22679	25949
25492	26949
24828	29139
22181	29984
21129	28647
23640	27941
25027	29692
21936	28452
22038	27849
25272	29423
22880	25788
24653	26650
24432	28766
22204	29626
21041	29359
21327	25517
22471	29531
23113	28561
24960	26967
22996	27591
21500	26203
25394	26704
21852	29152
24770	26074
23232	28546
22523	27533
21722	28803
24717	27808
24853	29610
22362	28525
21242	25612
23618	28080
21704	28081
24725	27977
23692	27812
21135	27068
24518	29477
22820	25929
25037	25901
23772	27923
24881	26596
24418	29412
21051	25562
22027	27072
24969	28551
23343	25954
22544	28845
23351	28263
22698	25878
21542	29836
23729	28444
21108	29012
22771	27242
21955	27050
23792	26426
25025	26066
23353	28599
21847	29717
21384	28332
21450	26927
24900	27640
25181	26514
21194	26383
24689	29311
22060	28206
22410	28644
22645	25805
22938	26624
24963	26952
21960	26419
24675	28485
22185	29611
22685	28548
21787	28653
23083	26983
21151	27090
25437	27916
21633	28593
21360	26296
22026	26415
25104	25973
23060	27157
24449	28878
22474	29802
24998	26694
22330	27437
22957	29076
23879	29356
21911	25508
22890	28193
22107	26521
22683	26823
21555	28322
21885	26026
24568	27198
22731	25873
23288	29568
25044	25521
21769	26686
23583	29361
24664	29617
25356	28793
24546	29801
23791	28209
22320	26523
25400	27280
22213	26709
23108	27136
24279	28957
22345	29179
24229	29170
21761	28068
25343	27777
24943	29720
24872	28502
23028	28112
23137	25610
21634	28765
23260	27686
24995	27009
23505	25889
24823	27905
22651	27951
23800	26554
24934	28472
22705	25531
23560	28465
23452	27802
25146	29960
23188	29650
24928	26580
24676	26069
24294	28117
23153	28436
24354	26205
24325	28522
21411	28014
21307	27955
24211	29686
24238	28871
23951	27480
24576	28089
22047	25835
22392	26151
24765	27235
24602	27259
21933	29460
22044	26194
23099	29992
24929	27781
24049	27162
24182	28217
24831	26468
25174	29051
22966	27206
22945	29057
25429	28792
25371	29683
23266	27869
24309	27816
21090	26820
21992	28462
23873	27770
22499	29623
24642	29608
22238	28470
22845	25624
22784	28015
25242	26408
21273	26735
22190	28101
25246	28804
23124	28420
21725	29122
23401	28676
22144	25713
22541	27208
25144	27840
22341	29955
24326	29905
22168	29676
22333	29364
24771	29738
24486	29409
22889	29159
25387	28349
23878	26959
21165	27952
21029	29075
22741	26577
24656	26598
21238	26305
24456	27244
21683	29432
23015	27722
21660	28335
21076	27522
21316	29244
24046	26528
24582	27443
25110	26539
22203	28540
24180	26587
23182	27170
21582	28350
23733	25505
24403	26994
22235	26638
23076	29672
23416	28214
24395	26271
24500	28369
22458	27240
22898	27262
22272	27901
21881	27403
21097	28924
25382	28756
21461	28757
22579	29120
21465	29909
21126	28939
21003	26434
21679	25764
21537	29823
23907	26604
22053	27908
22340	25868
23839	26438
22384	26504
21564	25857
21967	27724
24997	28531
22151	29258
25083	27378
24140	29291
22793	28475
21213	25824
23668	28611
21115	29560
24125	29705
22999	26901
21527	26214
25002	26326
25417	29281
23568	28410
22115	27581
23649	27204
23558	26393
23097	25989
23933	26815
22279	29521
23708	27054
22813	26763
24786	26940
25106	26234
21470	27529
24684	26324
23680	29769
24181	26180
23175	29124
23132	29098
22348	26339
21561	25734
23700	28320
23699	27756
23590	29671
22358	26144
21298	27936
22915	26588
21841	27060
23807	28956
23679	26340
22589	25863
24372	28788
23261	25822
23180	26862
24598	26096
21619	29882
24662	27991
21684	27731
22998	26390
22565	26020
24141	28151
22924	26555
24744	29849
23571	26532
24764	29751
24048	25583
21569	29196
23816	26753
24272	29373
21594	27932
24701	28466
22720	29925
23071	26706
23561	29528
25127	26685
22113	26086
23837	28622
25373	28601
21357	28423
21266	29948
22246	28318
23671	27811
25428	28445
25453	27080
22135	26334
21984	27022
25063	27653
21447	26142
24453	28728
24303	25802
22146	26139
22401	28172
21398	29017
21031	28855
21581	26511
25260	28299
24874	26673
22578	29300
23564	28097
25450	28069
21618	29663
21649	26088
24497	25678
24404	28360
24989	26137
25262	29609
24451	28512
21824	27693
23785	29264
21612	28785
23601	25845
24288	27135
23704	28486
21553	25581
22463	25813
24815	28094
22941	27291
24271	29273
23409	29593
21153	26491
23637	29415
23248	26057
23055	25665
22569	28059
24036	26435
21154	26308
24550	26140
23871	26945
24808	27013
25255	27372
24700	26313
23912	28609
22103	29032
24641	28355
24608	27166
22550	29844
24536	27148
21750	26963
23146	25899
22032	26990
23129	26993
22114	27003
24439	27145
21464	26637
23595	28432
22600	26584
24924	26889
23185	26092
22160	26375
21131	27116
23193	28931
22473	28451
25041	28769
22921	28329
23631	29025
21218	26401
23391	26302
23014	29491
24699	29401
21508	28903
22217	25556
22192	29392
21681	26150
24123	29982
24530	29507
21993	28170
23992	27422
21417	29284
24255	28325
24617	28487
21075	26454
23690	29893
23901	26767
21044	27778
23443	26365
23723	29530
24788	25970
24040	29601
21590	25742
21501	25894
21674	27414
21816	29729
22370	27813
25404	25773
25251	28181
22242	28645
24410	26083
21210	29208
25031	28989
24409	27161
25331	25700
23394	28345
23455	28107
23419	28638
21786	29710
23487	27356
25427	26261
24923	27224
22351	28501
23438	29061
21592	29302
22360	28018
24889	26863
24614	27943
24243	27381
23029	25571
22369	25943
25313	29018
23629	28752
21678	29794
21541	27785
24115	26680
22729	29366
25160	27834
25032	26968
22408	27362
21745	25934
24925	28836
23911	27328
22944	25838
24066	27229
22434	25950
23666	26448
24922	26568
23826	29383
25316	29819
21325	28777
21611	26836
22881	27202
23087	29194
24062	27833
21609	25707
23301	27385
24383	26459
25325	26771
22292	26141
21038	28114
23582	29088
22599	28365
24427	27749
23802	28156
21572	26322
21053	28881
25238	28950
23513	27970
24621	25660
25466	27317
25348	29419
23092	28495
22492	26671
23968	29140
23866	25761
21161	26130
22413	27139
23781	29172
23062	26304
23106	29922
22974	26061
21420	26816
22962	29703
25386	29187
21546	25535
22882	29054
21250	27554
22284	28892
22052	25631
23526	29752
25448	29983
23068	26361
25149	28120
23356	25867
24455	26854
23743	26876
24299	27744
25193	28245
22886	29272
24214	25928
23659	27787
24349	29086
25129	28396
24190	29053
22855	27616
22218	27608
21378	25590
25416	27088
22908	26567
21596	25758
21089	25525
21478	26658
23424	27246
24777	25656
22607	26456
23061	28201
22851	28272
25408	25546
24524	26080
23064	29765
24850	27271
21834	26372
21708	29431
23788	29551
25011	29595
23739	28108
22317	29746
21183	29813
25096	28412
23653	28983
23544	26022
21483	28125
23760	25694
24426	27563
25119	28925
22688	26804
21738	26064
24640	26937
24511	26667
23586	27301
21589	26907
22481	29691
22931	27585
22258	26282
22295	26112
22562	29226
22442	27995
22833	27569
23766	25913
25482	25659
24985	28144
22025	27907
22862	29916
22728	27843
22411	29900
22959	28681
24192	27839
24819	28127
23085	25776
24444	27583
24973	25582
23249	25648
25352	25649
21004	28169
22353	27597
23066	26286
24801	26683
22128	28780
25073	27029
25493	25963
24208	29534
25497	25791
23851	26165
22621	29435
22566	26389
24103	27844
25039	26303
22626	27819
22460	25922
23789	28635
22188	29201
22274	27238
24596	27639
24228	25844
22278	29318
23253	29147
23247	26519
23843	29245
25055	29402
24278	26522
24715	27888
25117	27265
21035	26458
21942	29085
21306	26265
25220	26461
24721	26660
21656	27512
21644	29627
23098	28265
23842	27071
25167	28458
22824	26541
22324	28864
21743	29753
24310	28724
22928	26076
21877	29166
24441	28271
23673	28310
23269	25515
22716	27253
22509	28834
21653	27691
25206	29165
23742	26198
22371	29822
23736	27710
21832	25554
24778	28751
25299	29638
24927	29789
23318	29101
22154	27702
24160	28791
21663	28185
23815	26406
22318	26652
22208	25964
22224	28736
23714	28403
21854	27325
25360	26716
25171	26670
25318	27685
21456	27485
24194	27584
24216	26110
23900	29847
23764	28717
25033	26374
23243	27489
24695	28076
24039	25507
23520	28629
25339	26612
21944	27109
21150	27718
22955	26030
24926	28384
21981	29670
22441	29674
22714	26981
23418	25627
25321	28631
21040	27716
24096	29224
22787	26824
23228	29132
22194	29749
25347	27431
24056	29665
23366	28944
22155	28078
23516	25698
23517	29396
21330	28404
21346	25994
22414	26368
22010	26565
24504	26293
23960	28183
24460	27776
25082	26665
24156	29544
22861	26845
22953	27410
23350	28393
21719	29800
22991	27216
22666	29579
21329	29842
21012	25847
25295	25569
23109	26962
22980	28954
21043	25933
21382	26427
22140	27132
23463	28288
24031	28316
23545	29739
23265	27373
24671	26795
22456	27191
23995	27578
23385	25715
23330	27061
22977	26883
24060	26788
24526	27249
21093	26019
23967	29790
24760	27674
23332	27324
23670	27444
23022	27350
24813	25509
23069	28854
21875	29378
24464	27479
23735	27146
23342	27645
25137	29552
25264	29961
21268	27892
21652	25775
21889	26062
23274	27359
21067	26644
22613	26737
22166	26793
23827	26000
22054	26404
24545	29036
24177	28557
23462	27779
25281	27658
21871	26500
24634	27154
21186	28636
21498	26728
22672	26117
22969	26864
24627	27631
24841	29702
21263	28255
25198	26953
22894	27233
21160	29433
23381	29200
21392	25905
24758	27628
22013	29533
24762	26207
22108	29554
23136	29064
21063	26561
23135	29329
24658	26928
22927	28045
21444	28579
24587	26090
24428	27574
23054	26250
22065	28077
24293	27971
21809	29048
23978	26661
25380	27755
21310	25532
22300	27115
24026	25704
24666	27079
22640	25923
22161	28070
21267	26029
24890	28033
25134	27627
25253	25646
24759	28433
23172	27165
25145	27961
23696	26850
22764	28852
22548	27757
21084	28558
25187	27179
22587	28968
23576	26971
22912	27546
23319	25753
22802	27483
24186	28152
24781	28300
23761	28832
21768	25544
21640	28589
24597	28991
21861	29894
22143	29233
21757	29947
24258	26570
21849	28313
24493	29944
21241	27786
25223	28058
22347	29733
22738	26553
23199	26625
25467	27294
23033	26773
24131	27593
22088	28613
22121	28550
22245	28966
25415	27361
21025	26396
23364	29475
23603	29176
24359	29519
23905	29404
21517	27279
24897	28799
22283	26615
21490	27082
23088	26581
22952	26037
21895	29876
22529	27277
23974	26536
21005	28229
22610	27181
21157	28009
23049	29997
23988	26424
23620	26506
24468	29615
24146	26095
25005	26991
22193	27820
24573	29464
22336	28742
21584	27618
24434	27464
21694	28002
21511	27274
23957	25856
24950	25956
21477	26065
22680	29529
24672	28339
22093	25823
22111	29067
21292	25689
21659	25729
25020	26543
22827	28370
21387	29424
23503	29096
22958	29566
21964	26451
24709	28379
25101	26428
22429	26043
25233	28226
25344	28153
21915	27041
21987	29249
24990	28716
22403	25815
21642	28128
21237	29095
24506	27452
25333	26657
21086	26976
21521	29540
24919	29137
21315	25588
23961	27331
21953	28075
23947	27626
23634	25871
22479	29015
22412	26353
22152	25988
25383	27462
23474	27389
21840	28941
21122	27439
25345	26502
22592	26223
23217	26253
25180	29155
24041	29062
24352	28022
23803	29214
24234	28908
21060	27237
22095	28626
21323	25574
21665	26939
23304	28280
22555	26712
25297	27014
24178	27503
24643	27469
23856	27111
21896	26606
22091	28019
23861	26014
25254	29830
24632	28627
24678	26127
24399	27158
23811	27509
24315	29046
21118	27853
22024	28559
21902	26908
22553	25653
21604	27010
24883	25744
22344	28227
24505	27031
24947	26233
22593	28862
24949	26170
23384	27044
21518	26890
22575	29630
21603	27655
23201	26348
25481	27975
24289	29669
21221	26056
21337	25953
25012	26948
24697	27796
21624	25942
24585	27605
22623	26306
22390	27579
22717	29429
23258	25895
23542	26629
22765	29591
25034	26192
24151	26015
23235	29732
24852	29084
23220	27064
22357	25927
23020	28940
21916	26607
25374	25936
24387	27492
23189	28726
22704	29466
23612	26258
22540	26681
21753	29217
21362	25565
23173	29993
24443	27880
24714	25607
22068	27252
21675	26425
25221	28911
22477	26478
23065	26499
23154	28084
25186	28691
21627	25711
23537	27972
23552	26480
25090	26328
22639	27709
23386	28750
22307	27708
24270	26880
22832	29685
22567	26687
24054	27114
25406	26220
22254	26156
22127	29584
21651	28314
23752	27683
21585	27397
25443	27446
22727	27900
23272	29222
22770	26001
22746	28205
24081	25718
24127	27484
24878	28949
21959	28274
22815	28292
23849	26370
21489	27405
23026	29150
23206	27582
23555	27887
23254	25926
23267	28142
23971	29386
21459	26696
25354	25789
25125	27450
21711	28499
22638	25728
21137	28879
24921	26982
24406	27293
22876	28338
21855	26106
25484	29715
23194	26726
21977	29472
23117	28655
25414	26875
21799	27388
21438	25839
23158	27728
22528	26729
21350	28670
24711	29112
25072	29839
21873	25832
21331	29924
21914	29059
25042	29037
24083	25957
23628	29276
21396	26995
22498	28104
22758	29197
25285	25830
21788	29704
21912	28380
24206	25666
21451	29643
25212	27167
24547	29350
25396	29725
21015	26276
21935	28577
23748	28632
23429	28723
24503	27565
24445	26774
22500	29648
25028	29936
22397	26423
23002	26017
25346	28430
25278	28090
23897	29512
21791	27576
25422	25722
21340	29974
22200	29804
23556	27612
25126	26924
23812	25757
24201	27347
21785	27848
21385	26149
21162	27092
21918	26318
25000	29094
24230	28428
23177	26352
24322	29764
25423	27494
22893	27987
24028	28137
23557	28389
24330	27836
21114	28707
22480	26247
22223	28927
23880	27666
21782	28024
24615	28218
22507	27351
22772	29559
21853	29039
24302	29458
23616	25740
25357	27200
22228	25558
22712	26819
22759	26702
24082	25504
23255	25910
24421	27622
23949	27532
24437	27287
22987	28928
24549	28326
21144	25755
23809	25754
21994	29646
22794	28701
21468	28938
23414	29331
21052	26016
22844	29888
24487	28221
22545	25887
23483	26537
22196	28215
23212	26720
21159	29480
24972	26173
24440	28569
22689	27606
21621	26299
21591	26335
23655	28505
24111	28119
24187	26770
23808	28190
25071	29450
21100	28996
23155	27938
24196	28213
25102	25925
24168	27326
23956	29763
24669	26067
23718	29580
24347	25915
24380	25541
25087	26594
25454	26796
25269	29446
22381	27696
22831	28893
22664	27690
25199	28994
25460	25766
21526	25502
22642	28055
23125	29721
25412	26653
22629	29636
23141	26808
22692	29877
22668	29750
21762	28147
21143	26275
21453	29326
24394	27946
22424	28947
21069	28293
22514	28368
21905	29340
21939	27309
24139	28136
22647	29283
22158	29344
23413	28895
24038	26210
21803	28256
24416	27383
24144	29022
25479	27197
25397	26122
22510	25779
21408	26975
23082	29604
21030	28806
21243	27633
23737	29069
22437	26783
25112	25820
23166	27101
22527	28308
24447	25716
23648	26039
24307	25690
23639	26878
22315	27881
25355	27805
25418	29912
23120	26045
24172	28859
24534	28907
23070	26915
22239	28706
22972	26262
22721	26754
23707	25960
21982	29690
22975	29516
23636	29413
21019	26469
23034	29539
22042	26865
23134	28516
24256	29869
25052	26748
24894	29319
25410	29345
23999	29620
21128	29374
22469	28323
24682	27138
23271	26961
24283	28993
22020	29817
24812	29235
23917	29585
22963	28383
21858	29833
21379	28400
23939	26319
22250	25748
23403	26399
25444	26059
24313	27081
22236	26722
22795	27726
22446	27544
21712	26715
24107	27270
24605	29616
21971	29913
22221	26601
25131	26668
25327	26227
22395	29370
25402	26717
25390	27209
24189	29527
22505	27572
25326	29667
24357	28695
22322	28507
21317	28667
21835	27055
22684	28180
24961	27429
24810	28932
22755	28608
21184	27638
21430	29652
23534	26323
23994	26356
23539	26279
21230	28061
25398	25854
22102	25714
24776	29742
24136	28199
25259	27832
24983	27046
22582	26143
25026	27570
22311	26842
24345	29117
22620	27552
24478	28820
23038	27007
21192	27113
24716	28473
24413	28770
23931	28988
25066	26534
24694	25995
25267	26759
21997	27948
22014	25799
24537	27804
25248	25750
21222	28674
22230	28301
25015	27577
23305	27942
23776	27501
22012	29144
23509	28659
21321	26158
22697	25687
24574	27120
25442	26910
21865	27989
24199	29263
25385	25921
23236	27864
24320	29438
24774	26362
22839	26346
23937	28606
24814	26631
25336	27719
22268	27973
23187	25876
24331	27730
22124	25538
22546	25951
23749	29260
23751	29841
23486	27507
23333	25869
23859	26533
23609	27447
21966	29736
25091	28660
23457	28715
24543	27560
24004	29659
24100	29592
24866	29605
21008	25604
23644	27562
21422	25555
24510	28234
21641	29254
21864	27904
21117	27599
22396	25982
22063	26267
21294	28416
24105	28755
25330	26784
22162	27390
23546	27474
23926	28543
24002	26410
22686	27220
23204	29941
21813	28443
21487	29780
21070	26997
24749	29968
22558	26834
23103	27059
23395	27701
22522	26360
21620	29348
25074	29649
21287	25520
21556	26185
22030	28216
22174	27225
24391	28073
24269	26148
23179	27199
22646	26969
23219	26447
23221	26852
25175	29545
22903	26811
21448	27183
21278	29393
22926	27184
21812	26049
23016	27284
25413	27580
25478	26178
22723	29042
21104	27521
22867	27876
24944	29660
25405	26622
24687	27652
22081	28167
21219	28027
23796	28617
22227	28748
22293	29068
24367	29693
23919	27873
21780	26573
21746	26176
24215	28664
23686	29867
22557	25593
24908	27457
22302	28923
24792	27143
21888	26228
21024	26912
24195	28427
24342	29395
22049	27042
22187	27896
21549	25884
24364	25992
22100	27137
22658	27049
22312	27604
22885	29962
22608	26966
23329	28592
25237	26457
22584	28138
22417	29167
22760	27302
21472	29205
23980	27613
22730	29651
22173	27885
23841	28843
25143	28811
22216	27075
23128	26923
21336	26411
22805	29265
24569	28196
23449	26240
24565	29744
21629	26283
21781	27032
21059	28614
23383	29874
22652	27882
22591	27761
21765	26225
23250	28123
23279	27172
22946	28953
21338	26999
22331	26925
25290	29049
23647	28057
21291	29372
24324	26974
21730	28186
24556	26325
21756	27332
25265	28952
24731	28171
24754	25539
24405	27764
23998	25636
23903	27629
25097	25621
23144	25723
21593	25680
24414	27527
25359	26727
21068	27401
22615	27762
21147	25560
21622	27257
24738	29195
21326	25724
23669	29543
24077	27433
24365	29116
21897	28690
21559	28619
24948	27860
25342	25821
25252	26482
24618	26503
21345	29207
24799	28874
24245	28425
21774	26648
22120	28429
22637	28051
24994	27821
21773	28876
22706	27519
23778	26134
23407	29498
21700	27617
23547	27746
22118	25661
25341	29837
24974	25836
21376	26495
22911	26292
21695	26821
22828	26385
25158	29010
24108	25684
24363	27214
24612	29461
22700	27528
22804	29081
22873	26246
24593	28175
22993	29347
22457	29288
24693	25947
25315	28612
22994	29457
24311	29029
21355	29712
24914	27634
24845	29411
25310	25881
21174	28109
22992	29701
24809	28693
24112	25848
22554	26409
22821	27491
23372	26920
24063	28786
23053	26281
22407	27798
21167	26378
21728	26007
25191	26310
22656	26844
25420	28703
23005	29151
21648	26496
24698	28219
22785	27375
23651	28709
22524	25683
21249	25526
25225	27846
22494	27517
21027	27364
25231	27543
24849	29503
24088	28463
23283	27000
22609	25827
21141	27510
21752	26855
22035	26245
25361	27588
23834	27282
23341	28259
21804	29645
22222	28675
21272	25829
22847	27211
25232	26649
21239	29963
22334	27687
21878	26780
23200	25908
21098	28760
23157	29090
24829	26003
24260	28634
23508	27679
24637	25577
22304	29211
21673	29564
23079	26841
24624	27935
24344	27193
23454	26077
23222	25918
21903	26626
22601	26721
24737	28296
21046	26837
22297	26627
24647	28648
23593	25692
24886	26221
21926	28960
24901	26388
23633	26402
23941	29758
24976	25976
24029	29815
21363	27445
23086	27867
22045	29363
22475	26958
22264	27999
23801	28001
24284	27323
21301	26988
24145	28869
22983	29557
24891	26490
24292	27878
24726	29354
21650	29906
23019	27862
23112	28725
22198	29991
21529	29762
23615	27931
23436	27956
24392	29191
24977	26354
23950	27239
23402	27915
22628	27823
25250	28372
23489	26163
23473	25972
24071	29016
24335	26545
21335	29368
23793	29229
21735	27551
22189	28640
22262	29407
22773	26167
23512	27421
21789	29838
21370	26692
21741	29577
23577	28597
23387	26613
23916	25726
22618	29111
23819	25527
22007	27460
24102	26917
24412	29324
22490	26336
22754	29911
24753	27827
23993	28158
25425	26760
23506	26591
23052	28527
25409	29305
21623	25537
25435	26938
21777	27087
21393	27549
21227	29164
24402	28661
22517	28132
22085	29891
25202	27866
22131	26682
24869	27651
21523	29954
24644	29550
25358	25634
24833	26053
24516	28633
22605	27809
21755	29134
21099	25667
22496	25645
21262	29853
21127	25998
22559	28918
23107	28610
22329	25760
23981	28745
23184	29131
23168	29177
23703	28111
23896	28526
24538	29127
24074	29590
25419	28714
23325	28807
23721	29056
23491	28386
22011	29339
24848	28179
22197	28678
21793	27986
22986	28434
21566	26789
24588	29362
22904	26196
21595	28450
25040	29613
25366	25725
24856	26486
24575	25564
25215	28202
23399	26639
21182	29834
23780	27384
24971	29977
23309	27419
24613	26153
21702	25570
23541	27829
22082	26699
23976	27858
24951	27169
22929	25563
21807	28590
21930	28552
21958	29787
25067	27105
23755	25852
23645	26526
21421	29336
22902	26893
21530	29436
25216	25959
24016	27432
24877	28341
23196	26494
25311	29286
23874	26174
23335	26941
24393	29013
22167	29490
24620	29398
23762	25939
24417	29511
22431	26376
24992	26243
24353	28554
23293	28519
23877	28721
22220	27857
21713	27131
25229	29624
23580	29956
24042	28052
25079	28666
21061	26298
21280	25904
21563	27695
22323	25756
23000	26666
24086	27002
23400	26241
24224	27062
23523	26675
25195	29380
23693	27305
22744	28491
23504	27996
21235	29999
21742	27566
24306	27076
21610	27339
21669	27482
25306	28411
23559	29890
25433	25609
21361	27468
21956	25846
21798	29806
21801	26828
24481	28867
25138	27354
21639	26858
23519	28624
23535	25883
25065	29394
21567	28800
25051	27903
21851	29169
22960	25745
23159	27868
22602	26244
23142	26475
24913	29950
22055	26462
24175	28198
24485	28471
24154	28163
22837	25674
21887	28303
24001	28082
23898	26797
21657	29812
23719	28560
23924	29619
22906	27210
24791	29108
22866	25731
23059	29212
23844	26266
24246	28712
22008	29410
22352	26688
24118	25663
22932	25837
21573	26254
21010	27475
22210	27865
22713	26872
24097	26549
21469	27909
24854	26162
24134	29161
23093	28289
21857	27548
21667	25855
22459	28150
21364	29697
21514	26097
23445	28891
21860	26724
24619	29274
25022	26342
24251	26695
22825	26614
21212	28915
22301	29714
24274	28399
23426	29000
24668	29190
22702	29859
21978	28118
24745	26345
21920	27983
21279	29371
21066	26835
24616	29448
22708	27481
21002	26087
25461	27144
23953	28680
23102	26386
22798	29513
24490	29546
23126	25938
22981	28093
24677	29009
24904	26195
22870	26769
25323	28273
22979	29189
22017	26369
24959	26445
22316	27828
23331	25862
24207	26887
21941	26301
23594	25986
22226	29862
23259	28496
22418	29723
21481	29689
23536	26794
21806	28197
21950	25710
24200	25909
23431	28747
24080	29785
21022	27038
21163	27540
23757	26812
21293	27624
22934	29223
23057	29673
24467	29287
22074	26827
21880	29629
21375	26634
22748	28177
24411	29959
22807	27531
23969	29940
21988	29555
24466	29870
21164	28662
25058	27530
23887	29695
21214	25553
23660	25969
21945	28975
25056	29050
24480	29782
23667	27033
25491	29510
23190	29681
23378	25882
23227	28373
22137	25625
21467	28910
21403	28894
23012	28607
23940	25615
23867	28336
24436	29575
21206	27299
22750	27997
23767	26136
21181	26006
21862	26252
24741	29405
23782	27815
24743	29476
23823	29747
21655	26387
23459	28798
23763	26498
24382	25506
23527	28672
24019	27964
23295	26566
23167	29509
22710	27297
21390	26048
24842	27567
21654	27019
22678	27409
24892	27897
24755	26359
23786	28291
23862	29104
25241	25893
21145	28240
24775	29485
24915	29168
24248	28763
22641	26914
25192	29668
23604	28665
21366	25632
21726	26707
23231	27750
25213	28821
23437	29724
23218	26669
21910	29295
23310	29995
24735	29514
22291	28844
21515	28407
25200	27438
24625	28413
21471	27264
23084	26294
22440	27758
23758	26439
21413	29316
21414	25510
23589	27160
23171	28121
22285	27442
23784	26818
22883	27925
23149	25859
24130	27917
24825	27267
22502	28510
23642	29582
22776	26452
23216	28808
22871	27752
24375	28567
24262	29496
22590	28741
21253	26509
22519	27327
23814	26357
21946	26116
23476	26126
22373	28764
23138	26710
23163	29072
23779	29231
23518	26943
23006	27595
22949	29337
25455	26888
23875	28980
24861	26403
24584	29571
21071	27723
23170	28408
23777	29355
24401	28735
24499	25903
22288	28587
23738	28922
24609	29237
23533	29745
24095	26295
22896	26640
21347	27343
23075	29426
24197	28616
24578	29706
23627	27949
24461	25511
23572	27721
23936	29044
23773	27861
24945	28719
25463	26530
23872	27835
22470	26851
23770	26216
24529	28194
23230	27768
24533	26513
22000	29953
23579	26578
24790	27441
21191	25946
25108	28926
22148	26236
25249	28442
24862	27015
21371	29148
23152	28884
22636	25647
25483	26274
22033	27807
23674	28669
21600	29204
25122	25806
21216	29943
21105	27369
23040	28040
21048	28489
21057	25990
22175	26806
25477	28176
23935	26516
25257	27553
24316	29748
21614	28538
23722	29058
25153	29145
22476	28497
24548	26590
24779	26384
21972	26849
21778	25668
23262	26860
22526	28426
24166	29915
23121	28392
25244	26635
24491	29488
23720	27558
21800	27093
24544	29618
24021	29239
24336	27147
24885	28902
22761	28517
21578	26040
21990	27863
22491	27248
22699	26239
23984	26813
21608	27699
24918	29296
23233	29142
21723	26873
21647	26013
23209	25991
22914	28520
21797	25613
25367	27899
24152	29253
24902	26743
22829	26501
24314	26073
22614	28970
21513	26896
21091	25920
21155	28342
21062	29917
23415	25965
21538	28395
23290	26431
25013	29699
22865	29707
23369	29935
21717	25654
23223	26211
24747	25733
24875	28562
22225	29964
22854	28039
24736	28385
21225	28141
22520	27978
24600	27427
23430	29757
21705	28371
24321	28381
22622	27399
24811	27803
23475	26556
23063	26799
23818	29563
22736	29518
22852	29637
22043	29756
23169	27454
22231	26416
25142	28851
22989	27884
21452	27831
22611	26608
21492	26738
23685	27180
23798	27950
21999	26273
25378	26268
23031	27856
23870	26719
21599	27001
23374	29087
22676	26467
21710	28083
24821	28897
21252	29252
21353	28586
23548	25841
23952	27738
24559	26936
24800	26398
21934	27982
24128	27420
23510	28984
23587	27913
21890	29607
22186	28797
23299	28508
25113	28449
23623	26787
24955	29986
22106	26441
24571	29327
22594	28860
23354	28391
24975	27743
23119	27285
24183	29558
21866	28224
22270	27966
23973	29640
23725	25578
23626	27066
23224	27314
24032	29937
22276	26100
21050	26208
22430	27734
22796	29257
23411	27886
24873	28802
25377	29951
23554	28979
21963	26465
21703	29587
23287	26075
22809	28247
25064	28422
23488	25608
21913	29478
21394	29279
22767	28290
25458	29797
23211	27556
21494	26829
21001	27458
22134	28870
22933	27614
24231	25597
21264	28133
22306	27073
24939	28279
25069	26291
22028	29696
23156	26492
22762	29270
22070	25974
24101	27706
24586	27413
23226	28872
24592	28781
24766	28406
23078	28467
21534	29341
24952	25890
23858	25671
21442	28846
21386	28951
24435	28330
24055	28155
22887	26550
21119	28511
23835	27894
22667	28825
24879	28276
21055	28044
22694	27461
25308	28694
23611	26929
23605	26546
23313	29918
24204	28401
21419	29861
22126	27790
21017	26630
22157	27729
21814	29250
21251	29262
22089	26025
23820	28677
21701	26792
24265	27647
24898	27065
22326	26674
21171	26902
22777	27929
21388	29875
21821	28363
24020	28997
22150	29474
24106	28649
22099	29484
25086	26257
23570	27780
23514	26204
24370	26316
22350	29931
22374	28556
24164	25782
23853	27341
23567	25530
22256	29047
24909	25900
24991	28900
25314	29767
24222	29445
23214	25512
23292	28971
21545	29796
23469	28547
22355	29427
23203	29261
24507	28032
25320	29317
24691	29367
21480	26327
24244	29030
21715	26300
24355	26068
21560	28774
22662	28285
23435	26224
21867	27826
24843	26562
22435	29043
23712	26154
25286	26182
23466	26572
22178	26230
23275	28148
21224	25796
25030	29391
24713	25596
23213	27933
21248	28008
23334	27902
24522	26732
24871	25961
25274	27365
24635	29809
25291	28295
22823	28603
22532	26119
24327	28727
23955	28417
24369	26679
23472	26645
25147	26980
23264	28021
21883	28484
23886	26366
24688	25902
23427	28850
24423	25778
22338	26651
21771	28771
24319	27164
24252	29115
23822	29242
25018	28356
22199	27944
24796	28700
22202	29930
24290	27286
25401	27705
22436	28036
21828	27052
23825	25850
21868	26881
24630	25739
21894	28122
21036	27596
25317	27703
25043	27125
22138	25630
23425	29694
22800	27272
22209	26535
24396	29082
23468	29567
23195	29455
21909	26654
23042	28841
23302	25626
22433	25551
21736	26133
21201	25675
22970	29414
21373	26417
21597	29113
23397	27871
21455	25622
24723	28154
24607	28207
21577	29425
21520	29737
24023	25545
24037	29123
23389	28113
24155	28494
22117	28909
22585	28809
21685	28359
25047	28074
21113	28585
23565	29778
23691	29335
23847	25572
24240	26072
22280	28904
22179	26739
24601	27292
25016	27363
22391	25702
22556	27395
25475	29246
24264	27396
23910	26009
25302	26911
25456	26869
22453	27859
22817	26785
23011	28819
23641	25828
21134	28029
22229	26333
21368	28779
22551	25798
22366	28705
22078	27965
23323	27791
22109	25984
21606	29107
24802	29880
23073	26171
23598	25637
24785	28331
24266	28072
22984	28812
25176	26032
25165	28625
22023	28787
23908	25765
23191	29904
22781	28192
24366	26955
21196	28464
22482	28962
24954	26508
23566	28513
21815	27217
22739	28173
21579	28415
21056	25589
25441	29868
22597	27954
24931	25595
25351	25641
22105	28344
25271	26367
24448	26898
21185	28146
24708	29515
21354	27502
24631	29675
23495	27295
22016	27782
25189	26802
22846	26825
24748	27825
24670	26395
24093	28761
23845	27187
24941	29040
24820	27619
25353	26349
21324	27623
22633	25891
25159	29561
25424	27486
24718	27822
22379	26932
22973	29219
24450	27423
21767	29238
22919	28514
25490	28598
22444	29297
25379	27500
23363	28595
24280	27345
25280	28768
23756	27463
22547	26718
25472	27538
23123	29549
21177	27968
24247	28034
22031	29814
21343	25642
23077	25644
25261	26605
21158	29921
22425	29186
24523	25524
23315	28189
23382	25892
24652	28536
22695	29597
22892	26933
23421	27774
22255	27045
21829	29416
22725	25639
22947	29352
24660	26987
25332	27513
21827	28405
25432	25736
25349	27275
25296	29307
25190	29183
21125	28238
21304	25768
21462	29760
22266	29301
25114	25985
23192	26392
24124	25696
24962	29285
23904	29871
25498	29895
21149	29929
22364	29887
23205	26906
21680	29688
24910	27335
23684	29052
24732	27304
24213	25763
22536	29495
23927	25792
22219	26879
23977	25999
24116	28124
22327	26859
23706	26801
24442	27514
23759	26846
22763	25602
22749	28822
24415	29923
25473	29805
21236	27289
21495	29342
25116	29365
24501	27789
22034	29633
21282	25522
22313	28482
24005	26564
24798	27221
24388	25673
22041	27660
21065	27023
23588	27994
25258	27380
21671	26628
21794	28658
25017	25886
22428	29522
21843	27845
22051	28106
24065	27232
25426	26978
24560	27635
22142	28237
22835	27495
22132	27048
22508	28157
22257	25513
24033	26082
23895	26212
23602	28753
24027	29722
24184	26973
23355	28278
23746	28268
21792	27924
21312	29443
22286	29656
22354	28030
23828	26800
21808	28005
24470	28767
25275	25547
23485	26559
22377	27307
25053	29420
24686	26104
21848	26989
21580	28060
21437	29653
24495	27673
22398	28447
22029	27650
21476	25769
22386	28223
22409	28689
25487	27875
21838	26018
21058	25548
23682	29889
23477	29934
22172	27772
24767	25794
25049	26853
23067	26287
22801	26979
21882	29353
21245	28974
23840	27670
21401	27094
22751	28358
24000	27260
24577	26527
21850	28498
22913	29133
22294	27234
24459	28731
24010	26129
24034	27346
22466	27313
22399	26329
24167	27725
21037	26894
22021	28969
25088	25825
24482	25591
22950	29996
22376	27449
25288	27107
22774	29908
22261	26338
24739	27472
23983	26944
21551	25865
24496	28875
24646	27004
21320	26229
25075	28739
25496	29945
24982	29631
21014	28357
22707	25809
21779	29028
22149	28191
23110	26379
24502	28628
21512	26437
21077	29824
23790	25658
22002	27883
24996	25759
24657	26689
25319	28877
23846	28921
24884	29980
23398	28284
23294	27070
24122	28998
24787	26791
22001	29390
21233	29453
24594	26476
24174	27536
22859	28054
25121	27189
24751	26312
21000	28254
23982	29898
25076	26429
24827	27646
21506	25781
25499	26432
25100	26412
22275	26337
25172	26453
23316	29198
21632	28140
24690	26256
21140	28935
24045	27771
24157	26186
24232	26070
23502	28829
24250	29635
22335	28986
21309	26905
23970	29788
23836	25940
23569	28686
22368	28248
22518	25620
23578	29634
25392	26840
22393	29985
24397	26021
22691	25930
21020	26803
21121	26877
21763	29735
22319	27218
22195	28235
24633	26745
21724	27760
21919	29678
22967	27625
21952	29573
24337	27542
22782	25616
21297	28208
21693	28387
22237	25937
21550	26487
21168	29035
24253	28914
24374	26807
24398	26777
24782	25536
23922	25917
22574	27928
23573	26363
24740	28782
24059	27418
21107	27496
23464	27017
25474	26041
22954	26856
22570	28115
23338	25771
25363	28566
22783	29230
23208	27083
25312	25559
21979	29926
21682	28570
23497	26814
21406	28981
24999	28007
25095	28091
21176	26672
22812	27311
21270	26081
25240	29854
23160	28088
21917	26742
23869	29351
24834	25703
21400	29773
24953	28544
25235	29109
21138	26311
21436	29456
24091	27231
23532	28537
22631	27958
24070	27753
21300	29967
22916	28298
25334	28343
25081	28414
21079	26847
21045	26446
24210	28573
22571	27084
23183	26331
24469	28161
23238	28682
25372	27643
22779	29102
21720	28134
23257	29857
24153	28885
25471	29684
21818	25705
21601	26010
22863	29203
22806	28162
24750	26775
24606	28866
22572	29863
21092	26481
23032	29848
25337	26664
25283	25831
25156	28275
22205	27742
24817	26269
24895	29628
22842	27773
22455	25519
21083	25849
25183	26128
23528	28754
23883	29471
24113	26200
24761	27550
23239	29020
22212	29349
21032	27316
22650	26179
25222	27250
24239	27333
21691	27222
24273	28642
21884	28565
22535	27671
22985	29612
21341	26027
24098	27190
23296	28262
25211	27329
22732	27993
25115	27488
22775	27793
24368	25875
24286	26603
22693	26422
21488	25784
23817	29831
23624	26115
21207	26930
21879	29330
24304	26277
24350	27607
21188	26146
21359	28652
21751	29442
23181	26934
23500	29129
24539	26405
22206	29185
21922	29100
21203	27676
22936	29998
24463	29795
22726	25706
24291	26418
22346	28506
25284	26843
21872	29829
21429	28096
24707	27408
22655	25898
23396	25576
23376	27712
23471	26647
21166	28249
21344	26542
23003	27470
22183	27852
21446	27016
24498	29979
23915	26984
23198	27985
23728	26011
23676	28564
23324	26766
24212	28315
25130	27436
21497	27998
23745	28287
23186	28673
24535	29218
22184	25967
21139	27600
23484	27283
21698	27732
25309	26874
21805	28857
25393	29209
22696	28212
22756	28116
22976	27974
23715	27795
23482	29277
25324	28827
21365	26579
25124	28017
23656	29902
22922	27511
22141	29572
22454	29369
21072	27342
22005	26344
24572	28305
22343	26351
21440	25697
21940	25514
24099	28182
24795	29199
24132	28545
23913	27391
25023	26044
22654	26093
21613	29622
21085	26691
21283	27035
21525	25968
25046	28139
21975	26697
22153	28440
23498	28858
23336	27266
21531	28835
24979	29381
25224	27467
22669	28012
22722	27855
23278	25681
25328	28794
24958	29459
23408	29213
23678	29070
24639	26038
22057	27387
25279	29259
23240	25500
23643	27602
24420	26730
24227	27178
24864	27504
22753	28258
22715	29810
21839	25617
23105	28555
21784	25679
22094	26741
25105	26341
25170	29309
24590	25662
22273	27940
21179	28646
24069	29989
21348	27788
22583	25842
25123	27140
24129	26713
24667	28390
22530	29892
24611	27171
24472	29957
24158	28377
22443	27086
23091	26105
22447	27021
25061	28126
24465	26972
22201	29728
24371	25870
21271	29417
21859	28402
24936	27134
21766	28267
22956	29661
24226	25568
23306	29034
22659	25762
21706	27473
23298	29451
24009	29292
22309	27704
24018	25907
24384	28334
22066	25685
22792	26201
24298	26909
21416	26260
22868	25503
22303	28257
21424	27358
21229	26209
21258	28699
21557	27402
24012	26676
23494	26956
23888	28441
22740	25592
23501	29011
23551	28203
24332	28654
24654	27124
23048	27338
24133	29055
21021	28439
21697	26524
22964	28865
24681	27919
24317	26510
23358	26381
24006	28398
21356	27715
21643	26008
22247	29792
22643	29851
24323	29914
22156	26867
25151	26135
25459	28195
22971	26747
23663	27315
25391	26919
25038	29990
21540	26120
22314	27133
25057	26089
22484	26558
22856	27898
21199	26169
24727	27028
21727	29581
24839	27939
22361	27103
25270	27057
22495	27547
23972	27077
21332	27874
23339	29939
21479	28079
21103	26757
21928	28269
25141	29360
23433	29576
25150	29379
25157	26764
23023	28456
23855	28913
21519	26028
24058	28679
22549	27765
21428	27155
21974	27890
22586	26636
22988	26474
22383	25533
23769	29439
22917	26575
23116	29896
21261	26551
23893	26957
23390	26571
22006	27516
24024	27455
25217	27911
24705	26249
23024	26373
24171	27921
22791	25633
25276	28130
21322	29987
21631	26998
24805	29716
21845	27476
21064	28362
23614	27366
24932	25747
22077	28230
25411	27759
24170	29304
23036	26222
23694	27400
23317	26218
23451	26916
23362	25543
24067	29234
24104	29163
23991	26394
21111	27207
24089	27657
23244	29282
22104	27382
24988	27106
22606	29114
21290	26497
21503	26168
24163	27735
24064	28481
22632	25623
24956	26897
22389	27534
23665	25561
24981	26621
23710	26111
23410	27927
22067	27841
25338	25804
21328	29734
22003	28697
21334	28500
23450	29447
24967	29754
25185	29157
25214	29384
24473	27393
24911	29130
23058	28816
24513	29175
22951	28796
23118	27644
22092	28810
21180	28833
25449	29385
24970	29657
22180	27039
23522	26002
23273	25931
22086	28759
22234	28746
24205	27694
21142	27962
21536	29791
23985	28438
23930	28737
24017	28143
22671	27099
21148	29255
22123	26450
22450	28037
24489	27130
24209	28532
23701	29783
22039	25516
21116	27150
22022	26364
23297	28729
23246	25600
22130	29097
25369	27947
21748	27177
22521	25826
22233	26684
25362	26646
22858	29603
21463	29325
22538	25735
24773	25629
22619	26160
22537	26965
21826	28578
23405	29501
24475	28328
21754	29816
21870	26400
21625	28740
25014	27281
21961	25695
24591	28840
21427	27739
21277	27201
25292	27011
24673	27368
23417	25746
23470	28702
24863	29492
22252	29820
24454	26078
25098	29969
23962	29497
24075	26610
24457	27668
23444	28317
21170	27353
22616	26619
22004	27555
24053	28602
21443	25682
25050	28431
22249	28050
21886	28541
23975	26563
22990	28211
21836	26547
21352	29408
23810	27609
22577	26290
21101	27425
24822	26034
25001	26918
22965	26161
25266	27415
21535	27074
24165	29711
22603	25657
21006	26217
25438	28105
22718	25584
21628	28340
21630	28474
21209	29118
25364	29462
24358	28477
23902	27110
21466	27741
22337	27700
22504	29642
21856	25866
22116	28883
22543	29005
24242	28711
25243	25534
25182	25651
23592	28964
24117	28775
23100	27336
21349	26184
21575	26734
22687	27043
24784	27310
21123	28651
22387	29677
23041	27398
21783	25523
21568	29346
24381	27745
25155	26314
24622	29938
23511	29709
21289	26155
22733	25896
21842	28553
23664	28095
24143	27026
22277	29971
24986	28071
24110	29182
22232	27568
21552	28687
23768	26744
24339	27119
23889	27321
21028	28967
24683	27518
24558	26248
23945	25770
22891	25981
22564	26035
25375	27571
24329	25810
25004	26382
21244	26538
25196	26884
23371	29718
23574	27407
23632	29026
22164	26655
23432	29275
21714	27091
23538	26922
21991	28020
21899	28776
21423	25721
