25328	27676
21497	28189
21698	29980
23006	27403
21840	25910
22126	26435
24108	29258
22416	28267
24261	25596
24223	26566
24062	27548
22654	26950
22146	27654
23163	26744
23790	26539
24782	26943
24908	25586
22305	26639
24701	25884
23300	26891
23708	27615
21396	29405
21604	26706
25178	29503
22557	27950
22284	29659
23073	29007
24740	27231
24690	29561
25180	29531
24663	29777
25364	25576
23270	27301
23861	29453
21362	26646
22195	26329
23505	25620
23851	26588
22154	29357
25472	28193
24871	27057
23326	25903
24126	28531
25038	26621
22356	26961
21241	26955
23358	27088
23934	28621
21848	28791
24127	27674
22027	25968
21465	26749
23009	26439
21326	27122
24409	29320
24962	28953
21070	25915
22955	28043
24866	29653
23997	26294
21813	26309
24813	26931
22211	28844
24356	29751
21211	27066
25167	29566
22015	28594
22773	25812
24578	28599
24190	25678
23960	27668
21089	28897
21293	27306
23138	26527
21901	29752
23886	26910
23624	28217
22754	28218
24317	27662
24053	28731
24609	27195
22180	26563
22880	28168
24667	27773
23224	28006
25464	25552
21379	28276
21371	25902
21617	26628
25214	26769
24767	26880
22290	26110
24302	26301
22683	28527
25407	29887
21337	29686
25267	29339
21093	27014
23924	29798
21499	26217
21767	26869
23620	27515
24414	25511
25060	28981
21307	25569
24188	28637
24681	28399
24459	26979
21003	28721
21654	29990
21632	29774
25453	28438
24270	28390
23999	28198
22685	25582
22099	28065
22366	28770
21622	27510
25278	26927
24231	29072
23178	28216
24300	28878
25307	26971
22674	25594
21741	25919
23087	29547
22906	27979
21694	26306
21414	27516
24814	27929
23847	26709
24339	25554
24204	27017
21422	28277
21629	25536
23335	26288
23094	25756
25140	26198
23349	27318
21563	26412
21424	28587
21736	29929
24015	27099
21472	28509
21926	27035
24121	27270
24006	29995
24764	29117
21816	29854
21220	29235
24213	26747
25319	25932
24142	28005
22988	26328
22467	25911
23298	27149
22446	29954
22957	28097
25396	27610
21770	28258
21743	29435
22975	28150
24283	26506
23902	27671
23059	28241
23348	29010
22455	28023
24942	28927
23802	26530
22837	26605
23306	27365
24582	29940
25300	28658
21549	27147
21311	26052
24769	28943
22618	27626
24210	28761
24999	27987
23051	28933
23085	28215
23688	29785
21892	25895
23539	26713
23917	25953
21109	26905
25482	27623
22534	25870
24208	28012
21955	27180
25184	26319
22740	28481
22809	26716
21452	28530
23530	27082
23092	28442
22465	28151
25475	26581
24366	29254
21338	27771
23292	29050
25497	29646
23100	28450
22362	25505
22895	28670
25150	26387
25340	26295
24005	27387
22336	27594
22627	29844
22645	28239
23545	26227
24630	25521
25469	27819
24674	27716
23749	28503
23988	27426
24468	27438
22327	28999
21682	29656
25221	27726
22275	28364
24606	27045
25465	29046
24837	27912
22100	29108
22256	26040
24955	28832
22023	27737
23290	25708
23520	28451
23714	27467
22102	27499
22148	26636
22821	25722
24704	28949
22273	27803
25342	27172
23983	29153
22539	28459
24282	26742
21788	29294
23826	26191
22634	26978
22710	29637
25040	28067
21850	26600
24049	29159
21475	27789
23823	27090
21726	28940
24779	29616
23269	26307
24094	27973
21280	28213
24415	26977
21906	28584
22702	27816
23673	28970
25061	28622
21975	28918
23844	25713
23862	26131
21869	26585
24651	27339
21702	26952
22440	26896
21077	27550
24858	29337
22318	27686
24927	29391
22573	26814
23042	29746
22744	28318
22424	29862
21041	28579
23819	25695
22310	25931
22106	26373
24713	27419
25199	28546
22095	26801
23641	25896
25160	29881
24480	27970
21844	26197
21594	28315
24804	28426
21486	26186
24614	25573
22553	27724
24230	27170
22166	25942
22250	28376
23299	28756
25392	29489
23815	29412
24854	28666
24851	26572
22215	28776
25467	29712
25048	26609
22907	28950
22960	27581
25348	26168
22680	25805
25272	27891
22205	27371
21860	28954
21127	26264
22001	29642
24133	26476
24410	27293
22766	28774
24577	26789
22606	28523
21717	26166
25349	29594
22637	26503
23036	26792
21619	26408
22723	29264
21237	28899
24673	26649
24698	29950
23330	27213
22277	28133
23756	26003
23250	27845
22542	27627
24403	25527
24378	26039
22779	26981
23449	29144
21528	25948
21634	25792
23136	29710
21407	27748
24540	29993
24961	28913
23572	27502
23546	29362
25483	27338
21980	26075
24355	25872
22688	25917
25219	29044
24790	26847
23725	27799
24537	29753
23835	25673
23769	27888
21212	26619
22439	27215
22069	26685
22451	26751
21954	29936
24755	26960
22742	29591
22399	28516
21022	26906
23676	25956
23273	26363
23868	28261
23674	28420
22402	27507
23301	28757
22598	26640
25336	29626
25085	26907
23112	27595
23488	27126
21554	29694
22600	29332
23315	26603
21777	29028
22718	28728
22490	27846
24203	25665
25135	27201
21050	26104
21258	28429
22793	27049
21182	29892
21991	27278
24835	26870
22602	26069
22963	29170
21411	28273
21839	28353
23800	28148
24417	26236
25045	28608
22826	27554
23047	27848
24386	26570
24501	25679
25175	28365
22545	29525
23554	28797
21774	29596
22357	29019
21376	29815
23598	26993
22730	28573
21673	27307
23368	26513
22011	27690
23776	26932
22834	26622
24873	25830
23540	29127
21894	27995
24954	27511
22572	26997
23653	28368
21500	26031
21370	29274
23293	29948
23243	26752
21614	29709
23921	27495
23723	27198
21290	28120
23571	27568
23985	29514
24893	28311
21156	26546
23685	29485
23837	29994
24331	26954
23803	27770
24308	25937
22274	26837
23626	26645
25325	28695
21794	29286
22487	26474
22825	26463
24139	27498
23115	25717
22409	29872
21585	26272
25073	28180
24904	28188
23195	28605
21412	29057
22979	27167
24619	27576
22385	27553
21709	27898
21482	28029
25454	28644
23587	26665
23203	29199
22784	27413
25426	28293
21139	29513
23473	28711
22893	26421
25243	28887
23225	26980
21655	29833
23925	29989
23311	28363
22658	28393
23770	28467
23274	26861
24617	27025
21750	27391
21633	27308
24216	28454
22065	29431
24265	27370
23553	28592
25378	28374
24093	28249
22405	26188
22204	27337
25201	28257
23856	27561
23910	26512
22442	28785
22854	27300
24003	26692
23113	29804
23213	26731
23351	26397
22168	28439
25065	25906
21516	25817
24934	28696
21017	28558
25301	26207
24637	27237
23846	26759
23341	28817
25393	26261
23387	27969
21905	29847
22643	29380
21525	27183
23320	29461
24761	27998
23932	26151
23219	25628
25076	27942
22498	29965
24906	25865
23403	28403
23764	25684
24543	29559
25209	26122
22689	27820
21645	25658
22265	29584
24447	28834
23783	27298
21124	27605
23726	26213
23897	27734
21126	27681
21246	25603
25124	28813
21734	26199
22613	28464
23739	26357
23190	28698
21091	26125
22866	25961
24613	27812
24344	25926
24221	29403
23040	29297
25173	26494
23867	26618
23975	29149
24067	26772
21974	28739
23097	27178
24890	26124
24966	28750
21809	28885
24245	26703
23238	26753
22179	25513
24929	27342
21691	29528
25059	27978
23671	26830
23592	26655
24812	28836
24699	26035
22313	28653
22962	26215
21752	27138
23531	25503
24220	29284
21557	28152
21361	25796
21856	26875
24722	27695
23164	27564
22805	26223
21859	26998
22468	29467
21511	29896
24191	28317
24910	25999
21754	26577
24330	28326
24491	27551
23372	29651
23945	27797
23267	28282
21547	28033
23015	29667
22365	26962
21791	28983
21907	26087
25370	27212
24808	28911
24374	25600
21322	28617
25218	27444
25129	29143
22514	28336
21064	27203
21408	29290
22661	25562
21409	27121
22717	26668
22226	28319
23583	27005
25165	28382
25438	29893
23895	27414
22404	27489
24880	27235
21904	27143
23451	28404
23959	29167
25353	29778
24571	26608
23405	29409
22935	27153
22029	29749
21881	27842
23147	29094
21333	27612
22422	27392
22120	27115
24533	28959
24488	29897
21069	26347
23033	28372
25425	27283
21857	28808
21018	25702
24647	27457
23760	29316
24862	26728
21555	29361
22233	29732
21013	27415
23567	28996
24549	27404
24840	29216
23287	29185
23283	28021
21208	26398
24281	29708
24394	29353
22288	29137
23848	25599
22247	28274
23137	26156
21661	29560
21449	26819
21865	25740
24274	29759
25402	29731
21297	28582
23089	26856
24512	28736
23579	26375
22486	26026
22418	27549
22694	26246
24343	29222
23390	27358
24793	27579
22078	27636
21884	27086
22219	26115
24253	26238
25473	29085
22236	28645
24187	28851
21574	29922
22435	29189
22228	29101
24211	29069
24146	29682
23209	26353
24311	25683
23155	25579
22639	29903
22198	28093
24463	26858
21249	25973
22701	27710
21205	26807
23692	26196
22406	28194
23885	28892
23649	27297
21047	26284
22040	26630
23900	26452
24588	26679
22792	28722
22640	29151
22483	28075
22902	25761
24173	28616
23263	25677
23946	26137
21276	27094
24444	29800
22855	26225
24389	29099
23117	26718
23472	28074
21390	25861
21588	26741
23541	28557
24815	28447
22395	26234
22798	28035
24390	29672
25474	29302
23563	27269
23043	29597
22607	27448
21630	28343
23141	26369
21874	29698
25127	28680
21172	26442
23808	25776
23258	29908
24148	29269
24884	25701
25075	26055
23793	26470
23325	29968
23719	26881
22054	26458
21945	25592
24510	28246
23333	29438
23361	27381
23046	26105
24406	26562
24425	27850
23170	26355
24971	29870
21908	27177
23500	27738
22768	27424
24277	29232
21441	29190
23849	29750
21747	27858
22136	27123
22510	27849
21748	29318
22697	27590
23017	26755
24460	28214
23524	26564
21989	26738
24288	26658
23691	27697
23984	27518
25476	27373
22845	27055
21348	29625
25447	26302
23256	27721
24524	27866
22431	29985
23503	26677
25294	25871
22822	25634
21256	26407
21552	28407
23510	28061
23799	29244
22877	26594
23601	28956
22184	25514
22293	27228
22762	27497
22066	27512
24446	27244
25401	26335
23035	27386
22200	29812
21561	26465
25066	29343
24665	29396
23084	29223
24632	28122
25240	27706
21749	26477
24153	27632
22970	26074
21281	28117
21923	27092
23459	27168
21052	28195
23337	28332
22441	28532
24159	26441
24301	27200
21160	28458
25080	27454
25254	28452
25287	26836
22885	28197
22608	27061
24291	25893
23093	25685
21966	29928
24564	27315
21043	27259
23890	25676
21398	26204
21920	28505
22224	27160
22381	25842
24935	26206
23247	29450
21007	29477
25455	25633
21592	26193
21756	28347
21166	29884
23497	27894
21144	27640
22419	26333
24917	29630
25423	25769
21231	27327
24475	29563
24416	28898
22375	26338
22235	29789
22350	29177
25266	26054
25164	27808
22005	26178
23378	27793
24951	27644
22096	29354
22571	27349
24624	28045
22536	29402
23538	25506
21366	27531
21493	28001
22739	26468
24056	25546
24397	26077
24160	29721
23339	26342
22770	28153
25102	28938
21138	28144
23494	26376
23384	26853
21546	29123
24102	28548
23220	29202
24122	29312
21912	28184
22663	26446
21142	29853
23456	25879
23869	26602
23435	29031
23556	26006
21021	25671
21707	25873
21827	25664
21855	28181
21114	29248
23371	26722
24150	28991
21122	27409
24437	26029
23483	26161
21739	26312
22364	27562
23272	27292
24509	26569
21417	29548
23498	28901
24335	26354
21058	27479
22939	26403
21037	26209
21802	25543
21994	28703
25092	28876
25225	25967
22004	27316
21669	25653
22429	27883
24818	28821
23241	29419
22862	25845
24716	28890
22332	27480
22548	26164
23543	29237
23909	25764
24193	28881
21251	26793
22303	27814
21877	26219
23941	29977
21737	28397
23952	26711
23527	28085
24542	29984
25321	27505
23245	26643
24375	29729
23081	28211
21861	27238
25461	29287
24483	26447
22153	27241
24352	27890
21165	27494
21112	29150
22917	27628
25356	27405
25297	29684
23362	29406
21451	28882
21509	25687
25302	26203
24965	29192
22377	26768
24897	28489
22930	27523
21184	26061
23426	27401
24179	26073
23996	27663
22776	27585
23166	28809
23748	28492
24603	29096
25282	26017
22307	29713
24671	27265
23817	29725
23937	28786
24584	28591
22432	28209
22414	26987
23373	29681
24001	29041
21318	27485
24318	27455
24147	28334
21492	26231
21199	26174
23729	27199
23069	29741
21956	29341
21173	28013
23120	29507
23962	27071
22732	25646
24982	26725
23968	26949
23400	28279
22129	25766
23605	28037
22116	26242
21120	27902
23032	26383
22478	28254
23462	26840
23994	26883
25233	27638
24845	27445
21236	28768
25182	29414
22753	28538
25491	26568
24181	28270
25412	28829
24586	25612
22946	28827
21890	27456
22020	27134
23156	27778
24566	27430
23632	28907
21272	27319
21913	26416
21011	28684
23457	27630
21520	28044
23652	26384
25275	28357
24024	26495
25190	29319
21252	28127
21553	29923
23000	26296
24714	29205
22080	29213
21822	27911
23070	28140
24958	27109
25315	29535
22340	29926
22592	26379
23281	28327
25421	26232
21972	29758
24573	29086
23438	29384
22835	28540
21385	27218
23412	27040
23736	27886
25395	27063
24091	27745
23003	29260
24502	28324
24478	29577
21161	28789
23812	28586
24130	27351
24289	29401
24899	27470
22848	26051
23706	26561
22676	28242
24551	29512
22996	25827
25094	26443
22670	29889
21819	27825
24590	26878
23504	29465
24943	29082
24712	29821
21922	25863
22018	26855
22716	28490
24063	29420
21599	26780
23525	29875
24602	25886
24384	27872
21771	27175
24450	29761
24078	27753
24738	26573
24396	27709
24752	29982
22225	27158
24768	25997
22268	28864
25234	28098
22398	29195
22427	29859
24209	27809
22870	26584
23205	28893
21330	29882
23106	25909
22891	27651
21889	28687
22772	27533
23686	28910
21688	29779
22229	27606
25495	27876
22379	27715
25008	28423
25139	25734
22985	28164
25007	26080
23111	26144
24981	28549
25329	29573
21804	28328
21565	29999
21871	26662
22496	29022
22217	27847
24377	25550
21118	26177
22743	25595
22897	27095
25424	29201
21306	27481
22799	26269
25413	28207
23198	26888
23275	26323
25128	29914
21141	26678
24088	26116
24770	27091
21416	26332
24337	29394
23973	29070
21375	29583
22738	28746
21501	25797
23883	26694
24734	26745
23926	29247
24863	29961
21103	29727
25480	26083
21993	27317
24161	28510
24925	25518
23188	29459
23712	26334
22135	28590
23177	29060
24634	26444
23586	26848
22786	26037
21448	26750
23276	27509
24418	27580
24705	29747
25185	28030
22141	28206
22585	25985
25360	27324
23002	27840
24401	25669
21587	27751
22746	27685
24953	27759
24411	26147
25377	28155
21496	25551
23441	27747
24350	26969
23149	28529
24559	26857
21768	27875
23448	26028
23855	28146
21759	25539
23215	27255
24683	29321
24365	26119
23131	27034
22157	29811
22119	29946
24531	28381
21621	27750
23053	27048
21969	27245
25226	29270
21932	27078
25131	28291
22843	28358
21662	29745
23901	29517
22707	29541
21254	28165
25289	29649
21152	28052
21105	27643
24266	28042
21911	26578
21695	26019
21605	28941
24975	29627
22134	26633
22611	29793
22297	27694
24831	28156
25451	27042
22469	28470
24554	27536
23619	25983
22253	29036
21476	29133
21344	29976
24443	29611
21686	29425
25232	28583
24995	29668
25382	25908
23338	28859
25189	28833
23031	28854
21581	27399
22681	25811
22523	27821
22695	27949
23701	29442
25261	29344
21753	28640
24138	28929
22384	27757
22403	29078
22324	26531
25352	26726
24824	29445
22445	28656
24783	25535
23455	28628
22267	28571
23731	25747
24979	27451
22512	26404
22677	26229
24932	26233
24000	28369
22347	27296
21812	29549
23058	26393
21996	26705
21879	27254
21374	26839
21247	28349
24116	28977
25389	27838
23425	29253
23916	27452
21833	26149
21283	28649
24668	28179
23781	29212
21710	28694
22218	29273
24345	29846
23858	26547
23576	26467
24496	28971
25148	27464
21609	29048
22578	28495
25147	26089
24143	27268
25285	27058
22410	26922
23742	27824
22087	25566
21032	26268
24254	28068
24948	28498
23309	29251
21960	29039
24952	28136
24236	27625
23328	25921
21538	26192
21367	28009
24313	26924
22696	26889
22778	25561
24081	26419
21313	26555
21685	26835
25152	27083
21751	27756
24832	29768
22133	25981
21284	28626
24991	29140
25054	26293
24427	26280
23998	25995
24525	27202
23321	25828
22522	27993
22506	26542
23607	26757
23969	27772
24391	27113
23585	26436
24058	29491
21558	26735
21263	25623
24166	26385
21785	29246
24340	27320
22320	25763
21649	28284
24346	27389
21265	28536
22386	26466
22518	28589
24134	27374
23233	28100
23664	28058
25223	29160
21352	28137
23395	26330
23667	26719
24659	26251
24930	29469
22415	25540
25437	28917
22259	28259
22484	27208
24518	27620
24864	27446
22190	29303
22886	29588
21559	29088
24507	27607
23104	26454
21946	29063
24937	25781
22261	26102
23431	27818
21600	28636
21959	28143
24622	29293
21188	26014
23551	28712
22722	25840
23938	29002
24022	25601
21244	29288
25028	25501
25231	29915
23682	29109
21149	28576
25416	26913
23284	28316
24092	28632
22165	28321
24810	29250
23668	28080
22943	29550
25333	27519
21134	27817
22951	25500
25255	26022
22131	26310
25317	29307
25095	27922
21678	29730
24950	27544
22149	25979
24047	28337
22061	29506
23128	26005
23616	25945
21098	27372
24556	29572
24251	29688
23506	25545
24354	25892
22626	28099
21583	28243
22997	28874
25224	25843
22449	27246
25122	28175
23096	25712
21204	28578
22077	25635
23794	27395
23061	26765
23825	29808
22309	29902
23259	27712
24612	29622
21931	29282
21033	25897
23991	28466
22624	25650
24197	28541
23905	29825
24608	28924
23608	27961
22782	27520
21683	29014
24286	27166
22580	28391
21943	26195
23660	28925
25176	26526
21838	26402
21523	28805
21578	26263
22084	29226
22006	27289
22878	29788
25409	29001
21200	25815
24306	27943
22758	27271
23577	28979
22790	27592
22370	27442
23796	26663
24295	28199
22172	26152
24322	26935
25203	25936
22566	28341
22030	28106
25269	27496
21696	27500
24315	29411
24141	26657
23955	26400
24977	28942
21062	29023
24372	27148
21428	26817
22360	26686
22493	27792
22875	29723
23221	25528
25488	28900
25154	26449
21745	25746
22169	25869
23791	29188
24743	29371
21206	28841
24244	25784
24051	26508
21355	27229
25344	28367
21343	27440
22630	27672
22849	25758
24636	27513
22925	26001
24109	26669
21842	29612
25088	28105
21815	25735
23175	28894
24947	27262
21832	26790
24296	29674
24458	27857
22922	29974
25400	29587
24836	26041
21769	29025
22479	25888
23521	26140
25012	28435
24215	28717
21589	29447
21505	27396
22186	28845
21915	28568
23746	27492
21400	26874
21876	27102
22421	27736
21843	26265
21891	29400
21692	26970
22914	26734
24594	28361
22927	25578
24931	29817
21506	28759
25044	29058
21866	29433
23266	27769
21977	27326
21636	25765
21953	28123
23920	26556
23414	27128
23367	25610
25078	29873
25084	29158
22075	29604
21464	26368
21653	26695
24601	28396
21405	27980
22998	25672
24997	27591
25458	27698
24156	29476
24479	26461
25187	27905
23280	29739
21575	25606
24529	28355
23935	28639
23423	26325
25260	26331
21034	27353
25123	28260
22908	27174
24575	26536
24182	27030
24034	29589
21803	26576
23841	25526
24611	27683
25030	27116
24511	29105
21805	27871
22993	29193
21045	27588
25104	27642
23410	27173
21725	26000
25471	27951
22494	25988
25101	25659
24176	29311
25227	27291
23056	28883
25145	29355
22932	27378
23588	29107
22474	29220
24842	26291
25479	26850
24517	26114
21377	28738
21418	29636
23666	26256
25418	26340
23226	29304
22984	29305
25013	27506
25429	27363
21495	27273
24107	28204
23804	28934
22280	28302
22461	26179
23564	28743
24707	27813
22563	27487
24675	26245
24360	25728
22082	27431
25082	27461
24819	29259
21410	29179
22901	28340
21000	27719
21852	27242
22074	29087
24246	29951
21223	28304
21817	29952
25288	26487
23557	25851
23194	29313
23515	27356
21056	25588
22152	29619
22101	29953
24641	29631
21672	28183
25022	28564
24494	27577
22105	29606
24867	27206
22913	29664
21690	28879
24115	26327
25043	26579
22987	28905
23709	28960
21623	28077
22000	29738
25108	25725
22736	28386
22531	27984
21531	27103
22333	29372
25125	25605
22771	28234
24733	26984
22958	26485
21665	27707
22092	29558
24591	27463
21780	25940
21067	27560
25136	26917
24787	27957
24323	26159
23866	27124
25354	27280
23352	29415
24500	27028
24105	26015
21301	26434
25133	28734
22456	28016
25153	29938
21356	28072
22093	27831
24750	29115
24250	27275
21085	28176
23467	28265
23777	28732
25216	28803
21389	28798
22196	26187
25373	28603
22049	29359
24901	28187
23067	25992
22488	28534
23034	26701
25039	29671
25265	28596
22649	25854
25343	29053
23611	25716
24495	26624
24998	29717
23711	28014
21271	29497
21825	25951
22727	26897
22368	29035
24278	27923
25236	28392
22814	29593
23876	28978
25096	29215
23246	26681
22202	28877
22950	29119
23741	29973
23044	26170
22081	27104
21310	28307
24860	27833
22322	29910
21473	26484
24878	28084
21274	26486
25339	28860
25477	26941
21360	27689
21467	27735
22652	29121
24562	28205
24669	28630
22783	29073
22530	29654
23482	26065
22633	29756
21403	26953
23734	26320
24186	29677
23582	25933
21429	26308
22143	27725
23083	27952
22899	25894
25206	25626
21765	28870
21044	29309
23218	26066
22413	28840
21818	27248
24807	28248
24869	25846
22604	28740
25179	26849
25443	27136
21243	27375
24140	28853
21939	27798
22118	25750
24120	26635
21319	29210
23359	27422
23016	25760
22124	26364
23286	28202
23654	28342
22942	29645
25405	26420
25142	27196
23850	28185
24238	28914
22589	26946
23200	29464
24717	29141
22335	29917
24124	28186
21779	28863
22242	26523
21316	28697
21228	28726
21413	29803
23651	28424
24474	26864
21075	25918
23795	27704
23296	28445
21135	28955
21185	28055
23140	28305
23949	26746
24214	29146
22024	25549
22851	26405
22407	25602
23407	29878
21071	27986
25391	28747
22163	26372
24792	27182
23013	26254
21312	29098
23288	26915
25009	28702
21444	27559
21309	25857
22477	28124
25363	27910
25290	26481
21719	25864
22302	26938
24293	29214
21598	25976
22434	29883
22629	29635
23648	28287
24326	28988
21080	28114
24242	27659
21616	27096
21154	25515
23813	25591
25422	29690
21072	29614
22240	27764
21140	26611
23319	26095
23095	27723
24760	27992
24730	29021
22492	26208
21268	27334
21084	27221
22595	29567
22283	26090
24944	26391
22394	27114
22529	27907
24821	28544
23833	27441
22888	28556
25263	25525
23324	27222
23289	25966
21006	25512
22517	28871
25242	28308
23091	25866
24852	27885
25450	28535
25002	28398
24256	26707
21689	26063
24677	28681
22249	26610
23789	29194
24993	28431
23978	29055
21764	26777
22239	27299
22650	27525
22840	26958
22524	28961
21015	25770
21076	27815
24349	26644
23870	26680
24424	25502
21540	27043
25163	27447
23919	29020
22827	25615
21415	29861
23923	26427
21539	28551
21821	28115
22881	28506
24007	26714
21229	28657
23986	26298
23623	28533
24085	26601
23066	27761
24926	28973
23354	26314
25010	29161
22086	27670
21180	28110
21556	26625
25004	25913
23314	26036
22684	28103
21998	28231
25262	27574
25253	29436
23854	29909
21566	26253
21116	28520
25463	28145
24364	26297
21128	26374
24778	29836
24924	29516
24990	28801
22687	25876
24432	25696
22977	29615
22044	25772
21808	29773
21916	26401
21125	27652
23397	26689
21430	28663
25338	29499
21369	27340
23214	29924
23898	28056
21564	27462
21722	27555
23077	26260
23604	29863
22538	27878
21195	27361
21035	29827
21227	25660
24456	29261
22041	28842
22709	25607
22861	28826
21917	26697
21406	28190
25072	29257
22437	28875
21643	28752
23485	28683
24523	25868
24332	25809
21176	26239
22038	27806
21533	27493
21394	28200
21298	29868
22569	27016
24469	25916
21584	25652
25459	29508
25419	26617
24560	27718
25365	26143
23780	28262
25091	26142
21862	25522
21159	27429
24889	25977
21872	27933
25293	25964
24731	28762
23297	26432
25110	27983
23827	26241
22438	27895
21508	28607
25470	28769
22954	26762
23597	29706
24042	28024
22026	28724
24541	29328
22937	27981
23399	27287
23596	25881
25186	29383
21666	27774
25144	28244
22374	27542
22433	27139
25330	25924
21985	29551
24117	29271
22499	28132
21758	28468
24079	29399
22836	25860
23037	27460
21102	29182
22556	25553
23313	25565
22664	27247
21332	25782
25177	25778
23552	29375
23360	27941
23695	25980
23600	25641
24402	25621
21652	26859
23775	26424
24912	26030
22714	29648
21049	28501
23393	27012
21701	28869
22138	27250
23228	27159
25239	28585
22990	25834
21005	29652
24638	29451
25490	28325
23364	26710
21568	28518
22243	28962
24329	28975
22035	25741
25042	29843
21462	25972
22586	27665
21213	29644
23022	28709
23305	29764
22823	27924
25188	29669
23635	26614
23633	27176
23350	27140
22296	28163
24980	27362
23244	27917
23054	27162
25222	27805
23735	27752
22583	29387
23369	29979
23158	27572
24430	26172
22560	27484
23732	26042
22898	29762
22193	29657
23697	26794
24413	29795
23406	29418
22614	28729
22544	28561
21438	26676
24225	27558
23853	29279
24876	29255
21933	26096
22691	29071
22175	28448
23879	26395
22829	27216
21986	28066
22890	25970
21936	29700
23139	27832
24464	26430
23419	26783
23822	29521
25086	26651
21194	26607
24307	29660
23418	29032
21171	29956
25404	29996
23404	27906
23427	29792
25411	28078
22562	28846
23262	26184
25274	25547
22974	25987
24643	25767
24029	29986
23570	27013
21162	27171
23621	27565
24436	28843
24114	29065
22686	29299
21693	25862
21646	29776
23947	26764
21635	25711
22458	27234
24728	29888
24407	29138
23663	28613
22596	28172
23753	25799
22139	27075
21603	28677
24762	29576
21795	29866
21783	27702
25359	29916
21990	27152
23899	28296
23116	26289
24817	29443
21762	25962
23492	27501
22621	25822
23522	28951
22751	27928
22050	25726
21294	25705
24865	25798
21392	27575
24185	26348
23536	26824
23024	25891
23944	28046
22983	28041
24212	29498
25252	29857
21190	25748
22941	29233
23912	28678
22815	27070
23713	26557
24949	29691
21057	28984
22802	27466
24772	29166
22625	28320
23594	27406
22019	29374
21948	28457
24968	29471
22794	25837
23716	27257
23980	28141
23589	26770
24103	27471
21446	28015
21474	29874
25207	28208
23396	29327
25436	26321
23700	27450
22316	28297
24756	29444
24299	29175
25456	27482
21321	29136
22638	28654
24110	28162
23992	26992
24822	28339
22668	25556
24060	28952
24002	29407
21210	29871
23169	27477
24702	29390
25435	26964
24938	28992
23542	26488
24461	26021
25375	28166
23889	27925
23023	28655
21328	29277
24334	25638
21468	27939
23655	29581
24694	25656
22495	27346
23839	26802
24894	25847
22969	27357
24294	25589
22659	27000
24735	28109
21202	29696
23076	27603
23555	28471
24312	27427
22673	27775
21100	25577
22372	26972
23544	27260
21973	27209
21146	29049
23982	26743
25146	25751
24036	28511
22909	27108
24400	27583
24462	26541
21610	29532
21074	25804
24886	27279
22345	28937
24477	25732
25046	27488
23874	28748
22876	29826
24896	26823
22672	27003
24660	25856
25276	26317
23931	29249
21898	25922
21427	28227
24442	29907
21893	26994
22373	29775
21675	29814
23304	25699
24151	29970
25087	25838
25357	29350
23148	29472
22174	29209
25168	27744
23168	27277
22842	28615
23411	27546
25211	29842
21137	28083
24226	26831
21837	29077
22620	27729
21183	27563
25335	28111
23458	25517
25198	28923
21513	25627
23965	27439
23806	29838
22209	28405
25420	29200
21302	25630
23882	26942
23001	26918
22291	28565
23816	27791
21288	29971
25020	26103
22460	29296
21800	29807
24429	25523
25368	29370
23720	26262
23990	27044
24739	29263
24316	29278
21735	26392
23442	28129
21658	29441
22254	26504
21320	28385
22104	29533
25273	28646
21507	26815
21457	27637
25106	29488
24710	25559
24202	28575
25268	26533
22605	28440
22632	26560
25195	27634
23922	29439
21048	29850
21168	28171
22554	28862
22657	29338
21266	29921
21781	28301
21350	29266
23327	28453
23954	25788
23828	29880
24080	28412
24237	25947
25120	29097
24452	27192
21687	27664
22525	26724
24506	28128
22594	29075
24579	29869
25427	28383
24435	26324
21517	27936
24095	28283
24882	25720
22130	28850
23715	25736
25312	28807
24280	29735
22343	29886
21799	27348
22874	26047
21987	27968
22212	29837
21259	26921
24205	29569
21445	29705
23323	28515
24481	28131
23798	29685
23308	26013
21644	28815
25058	25622
23727	28031
22231	29218
21201	26428
23560	28413
21537	26117
23125	28402
24557	28081
24727	26175
24290	25905
24217	26249
23584	27667
21053	27243
24986	27822
21269	27151
21092	28664
23161	25823
22315	27639
24347	27779
24877	27077
22831	26113
22860	27918
22097	25998
24604	28475
25432	29571
21733	29675
23893	28400
22476	28212
22750	25880
24809	26733
24082	27022
22679	29578
22936	26098
21590	29895
22210	25681
25487	26589
24379	26604
25439	27184
21720	26267
23914	28725
22167	29081
21572	25662
22597	28432
23011	29621
24399	29492
21088	29501
21544	27675
25037	29430
22214	25785
25017	29291
21670	27742
24438	29673
21550	27131
25156	26448
22820	27534
22631	26482
22047	26845
21684	25509
24113	26024
24849	26930
21705	28675
21548	29240
22968	28967
25434	28051
25050	28719
24178	25963
23365	25789
25230	26957
21952	25557
21342	29819
22258	27100
21721	26534
24269	27677
22526	27344
22161	25724
24264	29417
22471	27169
23038	27394
23884	29830
21136	27913
22122	29629
25371	29958
21601	28580
23018	29697
24984	29183
24412	26674
25200	29724
24600	29008
24652	29106
24684	26595
22791	26986
22682	26597
22915	26885
22048	25694
22760	28784
24304	27267
25074	25753
21341	28998
23454	26626
24737	28007
24336	28237
24956	29016
23838	27693
22720	26062
24546	26825
21253	25538
25134	28566
22952	27600
21059	29855
24536	29009
22508	26498
24802	28422
25445	29536
22079	29638
21976	28957
24983	26947
24404	29967
21510	26696
22173	29272
24994	28753
24382	27855
22112	27618
21792	26358
23460	26271
23154	29171
23480	28415
23518	26311
22314	28000
24076	26088
24775	26538
24405	26440
23645	28134
25014	27601
23374	29059
24607	26018
21847	28939
24465	27713
22811	26112
25410	28686
24751	25572
23881	28027
23191	28760
22052	27920
21145	26760
22734	27117
24528	28313
21787	29181
22711	27649
24527	29134
21641	29767
21870	26528
21938	26671
23514	28577
22063	28040
21285	25640
23398	29927
24642	29707
23891	28095
21797	26983
21001	27420
21221	29537
23636	26811
24753	29502
23127	28674
21434	28443
24162	27411
21351	28641
24228	27155
21503	27037
22257	27219
21038	27106
22863	28896
21425	25721
23252	27811
22646	27539
22234	28089
21363	27540
24907	29455
24648	28755
21303	26510
22058	26058
22780	27105
23976	27566
22747	26133
24861	29670
22819	25898
23943	27767
23375	29813
24484	29538
24111	28966
23906	29992
24806	26586
23340	26841
22810	25775
23972	27765
22480	26638
21577	29601
23805	25654
22117	28972
24520	26518
22648	25774
21711	28064
25130	28810
22527	27321
22540	26356
24746	26171
21282	26366
23865	27587
22367	27150
24552	28773
21811	26656
21895	26872
25212	28867
21657	28018
24131	25691
24797	26877
24319	28526
24628	29174
21935	28094
23820	29570
21851	25759
24342	28310
23750	27873
21029	29128
25466	26344
25117	26519
22194	25949
22426	29590
21664	29527
24235	25742
22199	29891
25132	28047
23063	28329
24229	27678
25311	28931
24657	25609
25462	25943
25018	26517
23477	25878
22873	26300
24661	28922
23347	28866
21431	29987
24850	26937
22824	27018
22057	29899
23408	28623
23523	29196
25493	26788
25251	26107
21491	29988
22237	29911
25005	27189
24920	28823
22675	28519
24158	28366
21238	29076
21039	29546
25090	27965
24535	27290
22565	27962
22857	27521
23310	28745
23928	28595
21245	28822
24823	29013
23264	27302
23738	28700
23415	26652
24201	27133
25277	29579
23429	27468
23334	26160
22858	29852
22091	28462
23702	25939
25372	28831
23103	26341
22721	25762
21807	28096
23509	27593
22159	29042
24895	26025
22764	26243
25197	28795
24388	25835
24284	29180
25237	25520
23549	29090
24829	27097
25431	26582
22094	27008
24593	26860
23129	29204
23285	29978
24539	27901
22547	26968
21455	28441
24581	25611
25399	28508
25362	27853
23728	29184
25053	28323
24086	27181
24183	27869
23566	29544
23030	29542
22965	28281
24471	26111
21784	29613
23740	26414
23758	27325
24145	28547
25417	26926
23747	29203
24940	27157
23394	25574
25249	27673
21023	28196
24423	26776
22871	28554
22111	28238
21708	28693
23440	26281
24898	28779
23464	27616
24857	27545
24909	26748
25121	28232
22246	28416
24635	27110
22181	29680
22137	26515
21002	28247
24646	26800
24946	28028
24014	29797
22644	27223
24538	25839
25376	25541
22264	28553
24721	28271
22601	29125
22806	29935
23612	26417
21613	27197
24135	27839
23196	25824
22085	26056
22956	28346
23840	28288
24561	25700
24453	29369
25049	26920
23366	29481
25001	25800
24583	26884
22651	29661
21255	28718
24449	29064
21700	27802
23638	27990
23512	26445
24757	29632
22221	28627
24758	27854
21677	29011
24071	28504
21214	28256
24380	27027
25324	29034
21512	27076
24570	28620
25442	27443
22009	28485
24273	28322
21383	29906
23948	28921
21147	27755
22590	28884
23580	27914
23475	28562
22551	29132
23436	27967
21903	29633
23639	25960
24045	26989
23759	26900
22781	25899
23153	25957
24248	28550
25119	29379
25062	28647
22588	27236
23159	29624
21530	25808
21551	27739
22662	27937
23940	27827
21086	29839
22528	27624
23533	27530
24859	26346
24781	27118
23235	27475
23722	29018
21699	25618
21831	28812
23907	28857
24279	29225
21340	26846
22380	26667
25386	26237
23613	28780
21880	26553
22868	29983
23098	27864
21447	29364
23114	26068
24321	28070
22363	27655
25162	26438
23526	26966
22369	29784
23254	26940
24914	26866
25100	29356
22156	26286
22879	29553
22667	29163
22142	27722
24189	29470
24023	27834
23743	26641
25446	26409
21113	26008
21637	26786
25024	26879
22961	29818
23491	26057
22705	26767
23832	28766
21573	27453
23437	29173
21026	26810
25257	29714
25035	26702
22203	26613
24745	27142
22509	25688
25303	26682
24040	29518
25246	28569
23565	29130
21526	26455
24441	26808
24568	29490
24786	29262
22420	26551
23433	26469
23630	27006
22804	26259
22567	26675
21314	29796
24633	28038
22846	27829
21046	26165
25310	28705
23466	29463
22555	26642
23561	28300
23918	28707
23132	26148
22132	25617
24794	25692
21397	26963
21867	28802
22756	28891
22832	27892
22008	28545
25460	29015
21458	27252
21153	29092
23698	29000
24011	26832
23413	26967
21888	29051
23744	28088
23873	26804
23508	25507
23958	27999
24099	26736
24420	25532
22344	26100
21349	29114
22358	26583
24257	27688
22828	28294
24765	27504
21738	27021
21607	27072
22109	28667
21567	28849
22921	29942
23569	27954
22502	29398
23150	28804
22206	29306
22587	26863
22046	27635
22411	29877
21962	27955
24855	27490
22331	28659
24726	26990
21731	28059
25284	28689
22359	29479
21829	26988
25041	28932
22807	27154
24249	26136
22022	26782
21925	27843
25314	26514
22533	27465
21680	28514
25016	27056
25118	28819
22321	28868
24682	29229
25057	26210
22615	27780
23911	28935
24747	27385
25326	26221
23646	26654
22699	27383
24666	28087
22444	29427
24960	28563
25305	27921
22708	27187
22337	27476
24096	28063
22037	29310
23064	27474
24664	29832
23057	26130
24658	26462
22636	26150
23251	29129
21706	26012
21864	29162
24838	27087
21121	25889
21248	28418
24555	27141
23229	29234
24098	28210
23172	29404
22457	26413
22543	28838
24846	27449
23831	26350
21027	29243
23261	28236
23678	25810
21101	29154
24240	27251
21454	29017
24090	26598
25291	28370
22187	27400
21958	26212
21325	27137
21450	26097
21196	27884
22521	26959
21270	27111
23109	27760
22098	29484
22507	25719
23206	28714
25318	27633
22992	27286
22189	25531
22238	25780
21489	29617
24470	28116
23981	25624
25286	27161
25047	25560
24083	26009
24545	29176
22222	27064
22541	26349
24376	25813
23939	29851
25093	29428
24219	25645
21012	28602
23240	28861
23145	28985
23450	28720
24048	26106
23807	27557
21522	28333
24505	26422
23108	26773
22371	25777
23829	27079
21910	29326
25264	25793
23012	27186
24038	29900
23181	29760
21287	27004
22306	29422
23811	25637
24923	27661
23307	29539
22745	28306
23062	28754
21187	26406
21151	28793
22425	27527
25113	26785
24708	29799
25341	28543
25492	27132
23821	28572
21354	27026
24915	29334
21602	26737
21961	26071
23344	26386
21659	29733
21995	28685
24598	29068
23469	26691
21404	28102
21175	28604
21469	27732
24061	25877
24218	28651
22294	26201
21250	28629
22724	27011
25383	29219
23693	29849
25217	25841
24490	28665
24553	28290
24174	29236
21625	29178
23402	26086
22774	27258
24892	29352
24398	27851
23379	26190
23642	26032
23102	25914
21595	28847
25457	28824
22552	26299
22497	29766
24180	28980
24709	29238
24426	26389
24059	29382
24688	25752
24152	27067
24064	26247
23581	26985
24711	28708
22503	25508
22160	27810
24516	26352
24627	26721
24068	29395
24881	29135
23210	26844
24706	29748
23767	26956
25107	27210
22401	29285
21359	26483
24137	27919
22574	27434
23008	28344
22752	26976
24089	25649
21096	27804
23710	25874
22383	27647
22182	26821
24691	27309
21148	25584
23929	27068
25296	26787
25183	25920
25202	25529
24466	29623
22090	26842
24695	27217
22535	26218
21391	27629
21242	26965
23174	28303
25448	25593
22801	27953
24805	29701
22286	27458
22269	28335
21504	27887
21606	27786
24883	26277
21426	28606
23199	27856
23346	27749
24010	28634
23355	28101
21742	29367
21277	28730
23446	26923
25194	27741
24623	29198
24974	26326
23079	25994
23461	26717
25137	25567
24175	27666
23657	27418
24744	29511
22852	29944
22692	27881
23745	28427
24676	25852
21066	29468
24467	27874
21378	26912
22108	29912
23391	29901
22010	25938
22178	29602
22191	26684
22013	28375
23590	28735
21365	26620
25157	27355
23227	27934
25306	28032
23754	29475
21279	27622
24351	29157
22448	27233
25280	28371
22039	26313
22511	27985
23173	27311
24314	26411
23380	26928
24097	28223
21435	28814
24359	27041
22213	27782
23303	25636
25394	27682
23152	26648
23055	26492
21988	27165
24069	26690
24922	28049
21081	26078
25034	28825
22904	27408
25380	28228
25381	28775
21716	29679
24050	28741
24445	27582
21597	29554
23401	27946
25485	27332
24827	27433
23689	28787
25193	28713
22155	28417
25403	27971
22966	26683
22872	26377
23568	26740
25161	27932
24348	25890
24408	28121
24650	29603
23704	28668
24305	29840
24171	29267
21663	28830
23699	28673
25345	29754
24547	27861
24718	27214
24879	27730
24774	29755
23618	27703
22619	29197
23222	28902
23312	29655
23818	29711
21714	29145
21841	29772
22617	27882
22584	27473
22788	28474
21345	27432
22298	28036
24104	28486
25292	26574
23197	27146
22616	27696
24597	27288
25033	29600
22342	28895
22894	26425
21215	28465
24891	27541
22864	26101
21453	26431
24692	29413
25484	29555
24825	29728
22735	28444
25313	29245
24798	26230
24272	25598
21835	26894
23534	27052
23763	28944
25114	27359
21878	26240
25258	27823
25468	27205
25387	27295
23316	28781
22910	27101
22003	27039
24742	29816
21957	29740
22346	26211
23004	27125
21123	26904
23782	27376
23705	27354
22197	26887
24037	29720
22761	29276
22949	26565
23761	28245
21834	29365
21999	25959
22671	26410
21924	25821
21459	26123
23180	26092
22053	29164
21150	29056
24393	27528
21930	26974
24485	27584
21317	26688
23176	29323
21921	26045
24903	29289
24333	29429
24255	27974
24489	26939
22123	29822
22045	27352
24357	27227
24964	27188
23559	29704
23502	26138
23647	27047
21300	28425
23684	29562
23370	27571
24084	26898
25332	26548
24816	28909
21937	26822
22733	26205
21357	28295
23167	28292
22017	28434
21364	29643
22115	26893
22443	29618
25021	29113
23595	26067
25220	25923
25174	28330
22114	27807
21323	26060
21334	26010
24499	29743
22769	28820
24828	28723
21576	28989
21219	25790
22558	28456
24902	26316
22230	27915
21275	28437
23562	29207
22110	26522
23382	25563
24615	26901
24168	28648
24292	26982
22051	26048
22813	28178
25031	29639
22741	26799
21372	25663
24457	26590
22800	25642
25071	25674
22757	29186
22064	28090
24777	29834
21796	26451
24576	29460
22021	28987
21209	27224
22612	28625
23662	26493
22911	26552
23591	27687
24128	27435
24563	29972
21984	26511
21143	28522
24526	29122
22127	26871
24259	26829
22976	29666
22271	29802
22516	27646
22785	26050
25498	29089
21423	27758
21887	29437
22698	29522
23356	29919
23628	29478
21010	29456
21133	27023
24072	25783
22072	27285
23859	29268
22147	28436
23144	27945
22853	27331
23707	29347
21919	27763
23363	27617
24041	27781
22775	25629
24530	28507
21399	28455
21079	28818
21712	27060
21031	29043
21967	27225
23956	27341
21618	27483
22561	28839
23903	26951
22787	29373
24911	25675
25489	27119
23703	28160
24027	28499
24035	29742
22304	29131
22653	26182
22352	27867
24263	28852
23548	26472
25192	28976
23065	28488
23814	29221
21902	29736
21028	26004
21014	26076
21036	27956
21947	28528
22628	26520
22859	27844
21562	26183
23535	29165
24672	29116
23165	26911
24165	29879
22171	27384
22144	28345
21339	29172
23099	26034
25079	28552
23353	29292
21681	27794
23989	29981
25210	28777
21886	28255
23216	27927
21054	27303
21393	26270
24655	28497
21216	28965
22208	27795
21883	26429
23345	27330
21129	27522
25149	27256
25347	29726
23772	27264
21868	27989
21965	26046
23021	29925
24715	27868
24498	25661
21117	25984
22929	29308
23979	25787
22537	29118
21875	28011
21019	28091
22251	29378
21470	29322
21620	28230
22971	29360
24144	29835
24875	28889
24200	28191
25271	27031
23162	25935
22113	25698
24574	28299
23072	29769
24720	28050
24976	28130
22884	29385
23643	27960
25067	26779
24341	25989
21744	26852
22450	26766
21232	27368
22255	29487
23331	28473
24361	29084
23878	29823
22170	27015
23123	27416
24421	27701
25385	27930
22354	26082
23752	26886
22355	29314
21179	26064
25397	26687
23737	29695
21167	28555
24662	28570
24192	25826
21068	28225
22400	25803
25172	25969
24019	27369
23048	29787
22912	26244
21970	28182
22485	26038
21810	29052
25083	28359
23294	25686
24473	28224
22252	26558
21296	27731
21189	27282
23146	27788
23797	26480
23627	29841
23045	27537
22642	27156
23599	26453
23517	26784
22088	28946
23496	29519
24945	29466
23768	27421
21790	29718
21099	26854
21181	27641
25337	29366
21267	25850
24616	27958
24550	25820
21315	28220
24780	27074
24843	28660
24234	28387
22665	28848
23060	29066
23453	28676
24989	27743
21108	27740
24227	26720
23606	27393
23424	29831
22609	27240
25486	29791
24830	28969
21024	26529
24087	26336
22728	29997
24487	27343
21909	26612
21786	25530
23614	27347
24303	28135
24123	25575
25229	28662
22033	27619
23232	26479
22151	27889
25069	28158
23771	26991
22947	29734
21647	28945
22767	27388
25322	27863
23550	26647
23784	28699
22183	28765
23501	26167
22176	29610
24939	25631
22883	28362
22043	29217
24008	26629
21527	25714
22841	25925
24119	26079
22994	29142
24626	25558
24548	28408
22635	26490
22031	28539
24482	29275
23724	27538
24262	27065
23133	27425
23208	29494
22220	26693
24558	29040
21873	26380
23677	26304
21324	26516
23495	25991
21239	28524
21746	25806
21596	25548
22839	26437
21929	28525
23470	26154
22055	28289
22559	27657
25358	28221
24267	26862
23388	25730
24725	26473
22981	26464
24620	27135
21971	27904
25433	27826
21608	26916
21481	26593
21521	27478
23681	29324
21304	26934
24532	28026
22164	25510
24101	29112
25205	28903
21164	26945
23471	27860
23987	26756
23422	29809
24826	25733
22349	27412
22417	25904
24921	27335
25098	27226
21353	25779
24723	29393
23223	28598
21529	27720
24297	26554
21484	28916
22472	26457
22916	26158
25056	25744
25171	26016
23479	29062
24025	26828
21823	28574
21456	25639
21463	27129
25304	28792
23778	27098
22505	25651
22591	26882
25166	27112
24369	27746
25478	27841
23609	29683
24431	25944
21713	28461
22623	25644
23644	29080
24653	28638
22382	27002
23302	29722
23942	26781
21944	27472
24992	28480
22014	28010
24206	27185
25109	28446
23970	29810
24678	26500
22393	27417
22944	29111
23513	26145
23904	28389
24670	27859
21640	27899
24610	25504
23126	26535
23887	27390
23420	28964
23463	28149
23602	28512
25191	29920
23465	28790
21025	29505
24513	28298
24392	26276
21016	29515
21494	27274
24287	29386
22700	27145
23845	26049
23730	27364
22056	28614
21849	25731
23409	26059
24057	28671
22376	26795
21289	29662
21928	25950
24030	28609
25279	28478
21477	27691
25169	29620
24565	26248
23041	29006
23511	26851
23242	28264
23672	26305
21532	28733
21110	28057
21420	27656
23088	25737
23721	27609
21262	28502
24032	25858
23119	26044
23547	26216
24434	28394
24028	26838
24789	26180
24689	25707
24803	29966
21718	28449
22755	26339
24515	29486
23801	26933
23574	25570
21329	29152
25235	27611
24258	29545
21381	26778
22103	26903
24988	26899
24916	28835
24046	27428
25081	29858
23842	27046
24112	28758
24918	28635
25111	27754
21535	25801
23669	27705
23187	29029
22726	28993
22989	27514
23249	26727
24957	25745
22481	28704
23875	25581
22919	26109
24592	27543
25141	28073
24654	28034
21273	26623
24054	25954
21487	26919
23625	26497
21388	27261
22789	28968
21402	28286
23953	25647
24422	27423
23377	29095
23537	27996
25003	26496
23428	29126
23665	29647
21773	26867
23329	25901
25331	29139
22519	25825
24833	28147
22978	28715
24163	27033
25299	29509
23336	28642
21950	25848
23773	26121
22412	26507
22289	28816
23234	29452
24967	29102
24888	26285
21440	25907
23751	29340
23930	26868
24766	25807
22959	26292
23007	28275
22188	25690
21336	27294
24070	29824
23792	25795
21914	27897
23343	27407
23694	29027
22532	28601
22396	27653
23014	25867
21346	29605
24044	29801
25248	29358
22973	26833
24693	28107
21395	26592
24476	29565
21763	26450
24016	26532
23257	26653
23186	27345
23101	29104
21158	29363
24820	28581
23933	25819
23888	29410
24522	26704
24599	29368
22905	29702
24687	26973
23915	28997
25496	27019
23231	27711
23896	26540
21421	28828
22002	25929
21479	29930
22423	28542
22797	27570
24685	29003
24358	26754
24383	27909
22938	26791
24621	28409
22287	28263
22833	25965
24504	29462
22459	27931
22430	26345
22475	28706
21197	28395
23078	28915
24486	25632
23179	28222
24985	26194
21571	27089
23357	29693
21518	27054
24978	28201
22272	27486
23217	25930
22982	29595
21240	26559
25126	28192
24785	29093
22940	29937
22972	29047
25499	29228
23487	28235
21934	29239
21593	26763
24605	26394
22546	29771
24065	25655
24052	28421
23322	27597
24497	28082
21155	27966
21755	28173
22361	28963
24129	26351
21308	28476
23201	28177
21900	27524
24729	28113
21373	29377
21030	26257
22392	25927
24363	29110
23558	29737
22162	29828
25027	28600
24428	28679
23519	27336
21384	26081
21042	27281
25112	28071
23417	27613
24373	26806
22389	28019
22089	27144
25155	28118
22931	28771
22655	26128
22158	28672
23593	27313
23090	27036
21854	28092
22192	27589
23717	29564
23690	25739
23416	26700
22128	26948
22348	29530
21115	26827
22334	26456
24493	27382
25308	26235
24913	26673
23650	25955
23779	29770
21490	25978
24868	25697
21820	29045
21639	26359
24106	28872
24320	28906
22059	29998
21724	28560
23389	26371
22765	29934
23025	26631
21667	29012
22201	29765
22500	25667
24784	26157
24419	29148
23656	28229
22748	26571
22763	29004
24645	27038
25366	26944
24587	26580
25369	28414
25158	27836
24132	29348
21772	28930
24795	28252
21218	28701
24905	28138
22408	28174
22232	29599
23183	28348
24811	26382
22856	29434
22889	29206
21660	27249
22388	28837
24656	29780
21157	26173
25351	26459
23864	29265
21061	27029
24164	28487
23193	28433
22482	26162
21264	27328
22513	25882
21560	26712
25250	29191
23766	27333
22462	29224
21299	29124
23478	29641
21163	26758
24327	29283
23617	29281
23430	29932
21063	27230
23342	28888
23052	28611
21203	25706
23486	26575
21651	29607
21261	26615
23622	25791
24544	29038
21801	26650
23757	26616
22570	28865
22308	28157
21233	28710
22737	29665
24748	25844
22926	29582
21060	27127
24325	27727
24009	29540
24118	27535
22693	27211
23755	27959
24075	27204
21793	26094
22803	26185
21286	26226
24224	26146
22622	29658
23026	29806
21174	29331
23787	25952
21775	27994
25408	26274
21631	27529
25323	27573
22339	28430
23332	27310
23675	26834
22245	26322
21766	26091
23171	27397
22504	29524
22731	27991
25452	27366
23634	29856
22999	28669
24353	26126
23432	26153
24933	28799
25151	28219
21436	26537
22070	26318
24455	29300
23810	28788
24492	26273
21615	26134
23086	27762
21582	26549
23383	28778
25388	27284
22428	29388
22704	29424
23603	27680
23871	29187
24013	27645
21198	27598
24276	26715
23971	25754
21471	28119
24719	28203
21949	26163
22920	27596
24936	29454
22262	27526
22326	29699
21226	28767
22351	28406
23961	28995
22582	26418
22076	28159
23082	26826
24232	29783
21419	27717
23957	25727
25103	27938
25089	27084
21225	27947
24534	27193
21132	26033
23860	28727
21648	27700
24732	27977
22641	27552
24157	29931
25204	25537
21193	26805
23049	26027
22991	25657
21358	28624
22466	25723
21224	29342
22121	25704
21542	27679
22838	25928
21380	26698
21679	26936
22928	28800
23637	25986
24239	27988
21177	28618
22330	26303
22223	26509
24298	26423
21806	27796
25138	25619
23271	29449
24043	29147
21461	26399
22923	26865
24125	26774
22830	26043
23237	26155
24387	25802
23434	29943
21432	26279
22903	29230
22299	25773
25070	25608
23278	28250
21951	26072
21626	29608
22378	26876
22924	28278
23211	26343
21483	27020
22463	25958
22706	27069
23050	27050
21828	29496
23248	27916
23255	28167
22071	27007
22986	28352
21638	28388
24521	25614
23877	26761
25036	29208
21230	27976
23182	28783
22279	27276
22300	25643
21065	29074
24928	26181
25196	26796
22453	26367
25170	29845
22719	27437
24196	27787
24440	27870
21963	27766
24963	28749
22882	29782
21757	28314
22713	25710
22850	26502
21106	27398
24066	29510
22216	26798
25068	27009
22470	29336
25398	29026
23573	27972
22581	28142
23966	28794
22281	25729
24885	29440
22515	26475
24749	27556
22397	29295
22338	25571
22391	26360
22060	26812
22568	29552
24788	26567
21579	26925
21978	27532
22185	28517
24872	28652
24703	25568
24625	28619
22844	28856
22808	29962
23967	27402
25481	26818
25384	25519
21674	29256
21111	27684
25011	28919
24328	26599
22729	28411
24773	27051
25238	29421
21260	28251
21515	27578
24370	26708
22436	29211
22177	26099
24074	25786
23852	28039
22599	28811
24184	28428
21170	26489
22678	26135
23687	25829
22328	29493
24018	27312
23142	27982
21624	29156
23658	26214
24012	29867
23661	27164
22647	28269
25327	29820
21087	27586
22447	26224
25055	26361
22669	29231
23295	26501
23578	27569
21295	29692
23444	26544
23631	27379
25115	28360
23670	28008
24454	26290
24580	27305
22550	28469
24736	29083
23476	29676
21368	27880
24033	28491
21863	26381
23160	29790
22577	29120
23516	27567
24167	28912
25143	26524
23027	28272
25414	26129
24941	28948
21782	25749
25006	29317
25215	27436
23135	27714
25245	28356
21882	29520
23421	25971
24199	29580
22073	25616
21896	26664
24644	28054
23993	26426
25241	25587
23964	27062
21789	27220
21968	25564
22964	28936
24959	25755
23481	27997
24519	29054
23468	29628
23489	27650
25015	25648
23130	26627
23005	29474
21650	28053
24031	29898
24247	28125
23679	28691
25441	27908
23493	29848
21335	26283
21761	27604
23474	28958
23733	25941
21278	28309
23105	29155
22062	25990
23202	28003
21570	27080
24741	27272
23629	29389
25181	25831
24381	28338
24595	26797
22892	29876
23039	27935
22150	26337
24629	28908
22812	26699
21918	27107
24194	25885
21107	28419
22579	29945
22847	27800
24155	26070
25428	29794
21979	26132
22473	25814
21327	29091
21671	26471
23857	28104
25213	26378
24149	26388
24799	29949
23892	26228
24268	28154
23184	26200
25415	25771
22725	29495
23640	26873
23260	29335
21534	27120
25026	29482
23445	27785
21051	27777
23452	27491
23080	29955
24569	27728
24870	28380
23204	29716
22489	28521
24631	28772
24021	26370
23028	28020
22036	27469
21009	25900
21480	25934
23863	25524
21191	28990
23265	27093
23151	25743
25063	25542
21964	26999
24368	25715
22083	27163
22145	26278
24839	28477
21095	29030
25259	29329
24385	28493
21899	28069
25406	26659
25316	26771
24848	26127
21704	29574
23291	28610
24371	29904
23029	29568
24696	29975
23385	28479
24973	26995
25244	26084
21235	27517
21466	28350
22285	25975
22452	25875
25159	27801
22948	27053
22690	26723
25105	25693
21732	29963
21824	28331
22715	29227
24362	27940
22067	29534
25444	27648
23659	29024
23010	29079
22329	25544
23110	26002
24100	26252
23936	29416
21292	26266
22292	27032
23718	28285
21485	29397
21488	27380
22016	27865
24439	26895
21830	28312
25228	27508
23253	27207
25295	28086
22918	26415
24700	29991
21130	26661
23809	27001
22576	25703
25367	26315
24222	28904
22068	28378
23282	29543
22796	25613
24177	29298
21514	28873
25430	26637
21940	27900
24169	25709
23532	28280
21186	29663
21305	28631
24771	29252
22034	28460
25256	25849
21217	25855
23443	26545
23318	29918
22933	27784
21020	26666
22967	28025
25440	26505
21760	28858
24754	26729
23834	28682
24198	29448
21502	29346
24172	25883
24596	26390
22260	29381
25298	29585
25379	29301
21090	25682
21740	26591
22125	28742
25064	27944
22816	29523
21055	27660
24585	26258
24649	26908
25097	27790
23913	29941
22980	27350
25019	25794
21207	26892
21826	29634
23696	25597
21580	26007
24639	28886
25390	27948
23381	26909
21073	26809
23212	26813
23317	27263
22887	25768
22795	28692
23528	25666
21728	27360
23192	26139
25023	28643
23785	26606
21982	29037
24853	29586
22107	28354
23207	28126
22282	29423
21586	25555
21776	27896
21442	28266
21983	28926
22549	28537
21730	29650
21992	29280
23392	27608
23615	29100
22012	26890
22032	26365
21178	29330
22900	25533
24589	26250
21387	26543
22660	29067
21697	28986
22593	27194
24972	29483
23680	27377
25025	29885
22454	28022
24241	25718
23075	28268
21257	29905
23610	27253
21536	28688
21612	26670
23447	26929
23830	26732
23118	28004
24136	25833
22603	29432
23974	26220
23894	25668
25051	25832
22311	25853
23268	29529
23575	27599
24275	27081
25355	26020
22995	25583
25494	28661
21853	29933
25000	26996
21097	26634
21541	28351
22564	27835
22248	25757
21591	28108
24017	27975
24260	27852
23963	28139
24338	29957
22390	25516
22266	26660
24472	26478
21798	28170
24791	29458
21845	28947
24271	27926
22867	28782
21443	28076
23977	27191
22276	29969
21519	29744
24697	26632
23788	28612
21642	25974
21814	28597
25334	26362
25309	29913
23843	26843
21524	26521
22353	26085
23134	28048
24004	28763
21981	29556
24285	28744
21846	29719
24055	29959
21083	28690
22777	29349
22953	28079
24887	25585
21656	25738
21119	29351
21927	25887
23786	26120
22501	25590
21997	26202
21885	29457
23121	29345
22270	28226
24796	26282
23386	29242
22896	26902
24919	26176
21858	29557
24874	26730
25270	27964
21569	29426
23279	25670
23951	25689
21078	28384
22207	29446
24367	26820
22865	26275
25320	27963
23020	28716
24324	29703
23277	28806
23762	29103
21169	27190
22025	28377
21498	29168
24763	28751
24073	25604
23499	27314
24987	29947
21094	29860
22301	28060
21628	29592
21439	27658
25449	26011
24640	25946
22325	28588
23439	29598
23019	25859
24310	27010
22341	27232
22491	26255
23774	27239
23765	27059
23836	29786
22759	25625
21401	28764
24514	28169
24195	29829
24996	28379
22712	29939
23107	29960
21727	26023
21778	26460
21545	28062
21729	28974
21703	29805
22656	27024
23071	26093
22241	26189
21291	27837
22028	29890
24503	28920
24252	27085
24451	28484
24900	27621
22323	29864
25281	27733
24844	25993
21082	29781
25361	27783
23157	27879
21941	25580
21460	26491
24154	27266
23872	29500
22945	28017
23122	28513
23068	28796
24856	25818
22319	28593
24841	25912
24077	29005
24969	28982
23074	26525
21942	28253
21382	29061
22263	29169
22317	26118
25283	28463
22703	28161
24724	26975
22312	29315
22227	29689
21668	27503
21543	26108
23376	29526
24572	28494
21836	28112
21676	27329
25374	28994
21131	27304
23880	28559
21234	29964
22387	29609
21331	29376
21347	29865
23529	27669
25029	25982
23507	28482
22464	27699
24039	26596
24020	27323
22817	27410
22934	27776
23189	26169
21004	28567
25077	27073
23143	29033
23927	28737
23185	25534
23908	27830
22749	26672
24686	28855
25247	29640
24759	27862
21611	25836
21723	28002
22610	26433
22520	27708
23236	29715
21897	29894
25346	26803
25116	29757
25099	28633
23995	27459
24567	25996
22244	27828
21192	28472
24433	27631
22140	25680
25032	29575
21433	27547
24395	26141
22278	27179
24026	29392
21386	29241
25208	28483
22818	28240
24679	27903
24776	27893
24801	26053
21040	28401
24618	26739
22042	29473
22869	27614
21627	27130
23683	27768
24970	29678
24207	29408
24800	26499
22007	25816
22295	26914
23230	28373
24834	29687
24233	28650
24243	28928
21222	26550
23239	26287
22666	27877
23490	27367
21104	26816
22575	26222
23484	28880
25350	28233
23950	29763
23824	29480
24847	29333
24680	29504
24508	28410
25052	29325
21437	26396
24309	27602
24448	28500
21715	28496
24170	27322
21478	26587
21008	27692
23124	26775
