23695	28630
21234	26298
25019	29229
23109	28846
23845	25676
23263	26308
24095	28077
23803	29674
21369	29216
21289	26607
21104	26751
25067	26258
23319	26890
23543	26535
25086	26109
21463	28210
22132	29853
21690	28462
24857	25672
24467	28710
22385	28704
23218	27118
22342	27642
25325	29597
23502	27469
22976	27270
21866	27333
25195	29655
22397	27494
24981	26913
23357	27728
21312	25735
22318	27045
24206	29439
24281	25998
21913	27707
22543	28231
22945	26268
22154	28162
24472	26172
22322	28638
21730	27788
21931	29219
24765	28548
24104	27754
23566	26604
25321	29353
24997	28177
23560	27972
21219	29310
21666	25768
22126	27578
24861	27986
24468	26081
22533	26440
21044	26711
22418	26560
21984	29952
21527	27752
21151	28416
23889	26455
23237	27378
23819	28521
23551	27428
23322	27977
21663	28661
22795	29625
22082	28633
24226	26523
21298	29590
22347	25594
25023	28819
22658	29744
23460	28961
22011	28070
22916	29926
24877	26151
21782	28079
21977	27250
22811	29737
22626	29547
25473	27785
23194	28219
25098	27308
22955	26514
22363	29455
22191	27882
23511	27651
22728	26362
22217	29055
21720	28735
22753	29502
23003	27194
24228	28636
21248	25805
23105	29797
22417	29189
21897	26518
23962	25969
21159	26016
22980	29656
22814	26158
22130	29203
21981	29542
24733	29374
25499	29137
22827	28960
21359	28894
25052	25673
21988	26585
21967	29000
25457	29845
23659	27675
24860	26896
22804	28389
23492	26543
21966	26957
25394	29984
23635	26510
25454	26734
22050	28915
23539	25607
22917	29503
21345	27519
24699	27517
21896	29116
24154	28156
23141	29937
24960	29875
23696	29330
24345	27700
23451	25765
21991	28892
22436	28113
22948	28806
21414	27523
22022	29785
21878	26325
21033	29572
24573	28078
25227	25726
22683	26640
22605	28371
23657	26470
21949	28461
23053	29287
21507	26566
23071	26804
23051	25865
21389	25887
23861	26706
21631	28281
24333	27364
23450	26678
23516	28463
23120	26508
25355	28291
22009	26188
21269	28457
21003	25750
25003	28159
24011	27562
21417	27550
21007	29122
22926	25739
21547	29496
22179	29348
22793	28505
22730	26149
21428	29222
23037	27412
24611	29568
24822	27575
23625	29146
24984	25882
21273	28212
25326	29263
23521	27105
21754	25688
23278	26622
24380	25543
22964	29731
23057	27303
23830	28443
24806	27716
21501	27640
25082	27110
21933	29010
24212	26299
21422	28637
21763	29394
25402	26809
24115	27408
24580	26414
24151	26008
23459	26522
21725	28328
21926	25858
25145	27674
23600	26834
21831	27781
23406	26211
23477	26330
23868	28321
24308	28242
23592	26722
23231	26128
22604	27179
21421	27854
21047	28740
21177	28039
21313	26960
22439	28375
24279	29451
21632	26318
23589	25856
21987	25847
24423	26432
24051	26394
22712	27711
24136	27482
21887	26572
24084	29013
24639	27022
22257	25604
24319	26048
25331	29101
23108	27267
22855	28021
21180	26111
24242	28050
23217	26086
24438	26338
23813	26664
25370	29071
22381	29878
24317	29305
23880	27944
23952	29431
24509	29313
21443	26871
24327	29015
24155	29791
21440	29438
22111	27954
21029	29613
21400	27886
23614	27536
25478	25744
21039	29156
24368	28723
24110	29994
23187	26798
21474	26331
21011	27256
21815	28977
24919	28418
23925	26174
21779	27092
21875	27053
23530	29704
23954	28558
23534	28864
24525	26369
24112	28206
22973	27112
23779	28194
22510	28543
23542	26883
21560	25610
23971	28796
24840	26822
24321	29805
23332	25606
21134	29862
24739	26633
22868	26646
23811	28134
22393	29051
22685	28391
22450	28676
25094	28396
22583	29294
24315	29802
22135	26180
23232	26288
23209	28454
24652	27746
23106	25605
25385	26098
25430	26333
25072	28574
25214	27684
21796	26988
22990	27979
22431	28180
24221	26019
21323	27970
21927	29998
24118	25730
22646	29027
21333	26764
23197	29740
21641	25842
23425	27147
22869	28290
21514	28540
21604	29904
21056	26068
22986	27491
22639	28296
23689	26561
21461	27817
25175	28812
21623	27314
22496	29538
21900	28789
21665	28025
24185	28284
24546	27647
21444	28627
22465	26275
22739	27623
23130	26943
21280	28378
23399	29804
23291	29319
22375	29060
22348	27316
23612	27914
24548	27678
23849	28650
23840	29347
21290	26596
23083	29424
24204	29957
22471	25819
22307	28198
24628	29280
22598	28022
24257	29088
23934	29170
25018	25770
21476	26551
22281	27950
21863	26925
23812	28076
24413	27688
22767	29130
21576	26597
23011	29776
22137	28436
24985	26564
25085	28360
22668	28013
23537	28568
25249	26317
22747	25692
22204	26933
22667	27142
21510	25926
22255	25727
21121	28882
23403	29316
23901	29946
22343	26995
21605	26676
21590	29254
22353	28298
23807	28262
24381	27932
21144	29062
22181	28616
21255	28881
24304	28699
25039	29777
23773	26825
21129	27461
22985	29532
21940	26998
22943	29201
25289	29053
23488	27505
24495	26375
23581	28205
24405	28752
21354	25552
21287	27233
24778	27238
21314	29421
24378	26530
23233	26962
25005	28923
25347	25876
22575	26249
21592	29354
25068	28132
22349	27282
24645	28706
22774	29340
21688	29530
21019	25924
22406	29079
21691	28229
23398	29481
24351	28185
24079	25648
23149	28823
24398	29426
21179	26259
24522	28196
25036	26565
22355	26359
22574	28853
22275	26463
21442	29299
23324	29640
21669	26216
24527	29078
22165	27343
22006	28088
24677	26251
22650	28150
24245	28955
22979	28898
23973	29632
23728	28992
22642	28785
23872	29585
25048	26642
22016	25657
23869	26433
23250	28228
23226	27227
21216	28355
23561	27965
22623	29603
23972	28116
21522	27135
24057	27359
23307	26548
24049	28621
22035	27699
25337	29375
22064	26864
23672	26707
23400	28370
23098	29282
24812	28600
25110	27534
25244	28082
24241	27418
24150	29871
22498	29672
24292	29068
21790	28893
24290	27260
22494	27222
24223	29909
23604	29767
22149	26243
25061	29446
23464	25867
22270	29545
24263	28646
24138	27926
23453	26936
25424	29317
21616	27362
24824	25829
21286	26090
22557	27347
24630	28066
25075	26496
21233	29197
21276	25804
21460	25732
23327	27808
23374	27732
22172	28786
21934	29413
24680	25938
21883	29092
22692	28995
22679	28002
23070	28010
22225	27859
22789	28783
21992	25561
21978	26184
25161	25651
25182	25574
23588	25734
24794	28406
24940	29652
22614	27635
23047	27113
25475	26839
23487	27177
25254	26848
23243	27006
24041	26624
21617	26017
21262	27015
24432	27583
21909	29968
21383	26744
25162	28858
21211	25795
21826	26127
21717	26838
24827	27263
21435	29896
22313	26517
23775	29150
21684	28299
23576	29019
24167	29569
21817	26601
22451	25817
22100	29554
22188	26071
22099	26029
24244	26821
21862	25556
21534	28431
24711	26569
24093	29818
25495	28557
24446	29151
22725	28211
22831	26929
21670	26009
24987	26826
25157	25627
21042	29619
22885	27871
21097	29962
22032	27900
23550	25767
24856	28769
23799	28532
21324	28040
21484	28781
23331	27448
23073	29602
21664	28340
25443	27997
21543	26881
21558	25862
23380	27322
22398	27305
22578	27840
22923	27096
23182	25636
21825	29549
21368	28358
23717	29459
24535	26547
25419	27298
24180	27667
23682	28935
22076	26376
22466	27855
21942	28017
21986	27301
24460	29370
24844	27371
23985	29736
22759	27633
21857	28953
25031	29982
22303	28744
22495	29470
23644	29754
23204	28570
21951	26519
22499	28397
21953	26521
21552	27664
21355	26663
25159	28027
24998	25826
22589	28444
25126	28746
25472	26462
24146	27915
22128	27832
23060	27458
22909	27712
21957	28803
24972	27001
21911	27307
21278	29682
22895	29891
21619	29030
23912	26922
23822	27409
25333	27056
24523	28243
21854	27971
23976	29609
21582	26378
22454	26690
21438	29905
21052	26450
23675	26222
23522	27889
25218	28764
24883	27122
24593	26906
22463	26311
24668	25655
22968	26454
23756	28674
22440	27264
25474	28277
22336	28295
23602	25551
21451	27413
24250	25755
21415	28469
22438	25892
21608	29063
23518	27376
22434	27670
23366	28139
21285	27074
24267	29742
23938	28483
21574	25747
22632	25736
23137	27293
22700	25562
23254	26085
22901	25693
21231	29269
24163	29781
24122	28217
25128	28705
22131	29571
21950	27811
22464	29428
25273	28096
24272	27961
23068	28643
23825	28015
21606	25569
23371	27604
22014	28502
21327	29211
24044	27131
21423	29980
23826	28173
22776	25874
21947	27825
24583	26379
25381	28466
24656	29990
22703	26935
21544	28310
24588	26802
22395	27627
21708	27170
21099	27313
25138	25987
24428	27197
21043	29320
23653	29367
23844	26479
23983	29198
23913	29357
24531	27769
21119	25952
24558	28388
22710	29491
23401	28560
24387	29999
23908	27518
24536	27100
22882	27803
23937	26727
21601	27205
21142	29622
24166	27225
23922	26476
23069	26115
22830	26961
21382	29190
21296	27246
22206	28715
23470	29910
21814	27481
25167	28426
24602	25877
25367	26586
21403	28753
22329	27895
21801	28201
24614	27710
24045	27239
21357	29636
22513	27936
24407	26971
24429	26841
22335	25523
22415	26400
22875	26206
21858	27947
23192	27029
21958	28099
23526	26182
22787	26748
21188	28377
22677	29376
21685	27784
22178	28119
21245	26032
23373	25715
24612	25996
25184	29821
24479	28300
23002	29540
23031	29693
23435	28312
22951	29830
25462	28759
25155	26123
23863	28539
22852	28030
23738	27466
25336	26905
23009	27611
23953	25764
21336	27896
24867	29423
24801	26777
23279	27529
23691	27514
21229	26694
23035	29924
23486	28193
22891	28286
21330	27369
23363	28511
21203	28179
21257	28292
22065	26717
24425	29681
24538	28696
21111	28071
23412	25566
24993	29110
25266	27609
23091	25909
23221	28642
21901	28453
23702	25531
21237	28713
23928	29855
24992	28230
24335	26186
24967	29749
21856	28345
23865	29224
24342	28962
24142	29044
22150	28103
21495	29396
24706	25728
21115	29365
25047	26300
24394	28366
24020	27614
24670	28954
23378	26030
22786	27953
22455	29991
25376	27272
21707	26305
24266	26589
21178	27061
23326	25761
25332	29020
24450	27318
21242	27503
24599	28536
24721	29600
23354	25850
21722	29335
23084	27381
22726	27245
22966	25738
22306	29616
24386	25949
23179	26948
22844	29475
22609	28612
22577	26047
23629	27040
25389	27384
22056	29492
24556	28283
24792	25582
21123	28125
25434	27885
24075	25815
24449	26097
21459	28004
21990	27257
23801	28208
23024	27924
23336	26757
21620	29620
21610	26768
21750	27310
21141	26899
25398	26505
24515	27780
24736	25806
24842	28266
22234	25993
24030	26627
25284	29923
21651	27475
23074	28647
22782	27907
21524	29096
23616	26100
23815	27631
23142	27445
23245	28978
24837	29350
22039	27319
23394	28830
21436	29302
25079	26903
24424	27764
21752	29487
21846	26532
24884	27795
24312	28959
25346	29261
21758	25822
22561	29393
21110	29094
25427	26538
22715	25802
25375	26399
24262	28235
22254	25914
24745	27317
23862	28349
25222	26550
25108	27726
25412	25708
24417	25509
23732	28613
24153	27836
22565	28834
24388	25500
21658	26140
22946	27300
22883	26447
21243	27242
21786	26382
24320	28049
21332	29281
25465	29578
25000	29659
23764	27584
23553	27949
23678	25649
23309	28110
21344	27876
21516	26080
23885	27928
23479	28652
24909	29157
22351	25530
21212	25853
22360	27137
21622	26235
24763	25788
24048	28272
24911	29879
24018	26615
24006	29453
23903	29971
24632	28736
21254	28442
21347	29838
23442	26062
23531	27223
22970	29028
23472	25709
22554	26608
23577	29506
25341	26655
24076	25696
21271	29418
24191	29342
22167	27791
24222	29128
23987	27989
22379	29815
24790	27822
25255	29126
22295	29824
24724	26725
22328	27763
23613	26855
22194	26424
22062	25678
21674	29301
21386	27230
21166	29679
22523	26190
23310	28677
22517	25899
23154	27087
22160	28979
22345	28972
24276	27033
25176	29914
24889	29508
23676	29666
22899	27401
21898	26805
24644	28380
22674	29127
25077	29787
22312	28666
21214	26590
21091	28381
24983	26603
24135	28045
22881	26761
24015	29433
22888	25716
23048	25529
24528	27275
22092	25925
22319	28808
23423	28314
21736	27325
22278	26853
25357	25979
24116	28825
21781	27663
21263	25602
24815	28470
24686	27028
25319	25966
23089	28320
25256	26293
22359	25756
21300	25812
24521	25868
23549	27139
23259	29691
24169	26482
23268	26315
24184	28997
24847	28288
24383	27814
23496	27281
24452	27248
23767	28658
25021	27288
22532	28227
24918	27725
23597	26693
21716	26824
24156	28311
21706	26408
21315	25823
24089	28058
21353	26374
24301	26527
22308	26493
23623	26574
23299	27121
24421	26191
23081	28333
21420	26555
21224	26144
25275	26507
23965	28964
23709	29327
21499	29277
21343	27161
21450	29782
24948	25824
21945	26814
23421	27967
22480	25525
23890	26456
23429	27652
24795	27656
21017	26207
24729	25894
24384	28975
24042	28930
24466	27527
22427	25632
23266	26769
25070	29296
22470	28813
22777	26161
24747	28631
22818	29813
22183	29274
22766	28884
23722	28671
22929	27760
23342	28572
23607	29205
21065	26214
24028	28034
22408	28936
23624	26229
24725	29207
22047	25535
21581	28855
23284	26321
21578	29667
25400	27990
25198	29218
24401	27332
23784	28409
23016	25575
21472	28117
21375	29005
23727	27692
23515	26862
24779	28880
24099	26884
21689	27055
21733	27374
21396	29334
21394	28120
24621	28591
22714	27224
24737	28342
25300	25937
22468	29080
21067	27912
24326	28089
21559	26709
21453	25519
25216	26691
24566	29504
24913	28191
25041	28716
24233	27909
23427	27739
23462	26637
21215	26849
23824	28414
21764	28958
25090	26093
23855	28044
24246	28784
21791	26485
22636	27570
24942	29373
21914	29176
24748	27555
25007	25623
22924	26621
22443	28489
23848	28770
23639	28843
24324	28091
24799	29337
23955	26391
21337	27608
21844	27685
23670	26094
23257	25986
21551	27851
21546	27806
21028	26669
21889	27820
23340	25666
24627	28779
21362	25911
21793	26554
25432	25518
21239	29587
24227	28142
23296	27014
24785	27003
23196	29606
22952	26949
22826	27634
21240	25640
22027	28692
22846	26852
21549	25960
23842	25631
21613	26445
21540	29498
22201	28664
23275	29833
21116	26039
23895	28234
21924	26351
22957	26648
22631	28160
24329	28427
25257	27844
22630	29972
23095	26025
24886	26701
24995	26278
23886	27266
21131	27422
22843	25923
21500	25723
24422	26162
23907	28809
22456	29351
23005	29527
24302	25592
22585	29505
21874	28694
21373	29574
22485	28757
24157	28400
24025	29057
21773	27342
25092	29643
21526	28026
22797	29713
23046	26285
24658	27269
24480	26780
24194	29038
21873	26403
24348	29961
25490	25664
21172	29171
21384	26878
21045	25516
23079	29806
23225	25568
24390	29673
22138	27941
22796	26276
22762	29897
24810	29166
24529	29133
23039	28164
24554	27188
24936	28778
22337	28837
23969	29103
24880	27114
25407	26994
21024	29836
21145	28087
25153	29512
22012	25695
22447	28798
24288	25786
21698	27379
21727	27658
23300	26117
23210	28129
21379	26242
23260	26930
24957	27919
21194	29593
25181	25985
24851	27474
23129	28472
25252	28269
24962	26959
22104	27004
23075	28595
23506	26267
21766	26836
24346	29810
24353	25682
21430	27546
21771	27567
23948	27213
22377	29715
23353	29771
24409	26076
25025	27630
22297	27066
23434	29690
25386	26770
23164	26653
22462	28683
21160	29298
21776	25729
22237	26484
22867	28632
22802	28533
21163	27680
25163	27237
21625	26410
23013	29227
21010	28367
24330	29134
21833	26193
24455	28473
22530	26639
21798	26556
22151	26937
24592	28838
24852	25733
23235	28920
22372	28055
22953	27706
22182	25532
22095	29061
21009	26169
24532	27430
23362	27916
22069	29233
25263	28554
25200	28429
23440	27930
23207	25913
21473	28709
21096	29819
24230	25790
21640	26084
24831	29753
21321	26469
22139	27216
24569	29864
23321	25749
23679	29798
21326	28841
24032	29579
22993	28362
23067	29066
22790	28684
23132	29500
22680	29175
24444	25712
22735	29675
23881	29865
21466	28883
21317	27160
24591	29911
22168	29196
22478	29364
23476	29024
25219	27404
25194	26002
23805	28293
22999	27841
25102	26876
24636	28199
25177	27443
22404	28508
22801	27049
23153	27520
24311	29200
24679	27331
21465	28197
23443	25910
23532	25936
24563	28700
24697	28662
23781	26070
22376	26784
23256	29070
23168	26861
24930	28012
22241	27089
24839	25990
22910	28408
22017	27070
23172	25674
21525	27629
23058	27793
22503	26850
21187	27323
24968	27622
24833	27467
24178	27136
22302	28404
21431	29729
24003	27559
23859	26459
22745	28998
25115	27165
23422	28128
22960	29922
23205	25848
23508	27218
22832	29179
21064	27039
21618	29111
23454	25603
24134	28090
22509	26587
22833	26238
23923	27189
21037	26912
23150	27943
24722	26209
24648	28274
24944	25799
23692	25794
23638	29562
25340	29765
23289	26230
21742	27274
21676	27226
25017	28072
25469	27734
25418	26232
25328	28434
21021	27815
22106	29018
23579	29985
21316	26189
22251	28990
24339	28452
23943	26575
21800	26061
22723	29025
23701	26252
22309	26145
25136	29605
24168	27091
24336	27557
22794	29466
25384	27168
24758	27190
21294	25628
22356	27845
23665	26212
22864	25614
23433	28728
22123	26542
23642	27605
24619	26058
21346	25720
24096	25917
24809	26473
24674	29551
21308	29759
21693	26421
23763	28691
25203	26552
25353	29266
21372	27910
22433	29359
21046	27669
23743	27524
23163	25615
25050	27417
22769	29074
22571	29860
22093	29535
24012	26401
22203	29209
21828	27837
22656	26487
21356	29827
23303	26512
25185	28114
22219	28872
24994	29935
21993	29106
25114	28481
23994	29728
24685	27777
21912	29223
21358	29045
25363	27981
24297	29308
24269	29584
21672	26503
23810	27037
23583	29366
21303	26322
21456	28037
21230	29228
25268	29173
25420	26126
22849	29735
23984	25851
21795	25991
22488	26897
23858	26192
23540	25622
22232	29657
21156	26049
21352	26035
25377	29158
23963	29326
22580	29867
24056	26204
24053	29483
25395	29076
25205	26772
25497	29213
21283	26006
21599	29550
23787	26110
23493	27572
23529	25948
24512	27276
21756	26525
22072	29406
24777	27487
22305	28182
24723	26874
22675	28861
22900	26926
22707	29237
22380	28435
23174	29627
22925	28974
24143	28080
23718	28610
25204	26121
23790	26366
25316	26628
22696	25828
21186	27606
23461	26967
22486	29473
24069	27881
25027	26616
24313	28551
21829	29866
25461	27025
25089	27424
21760	25785
24681	27701
23734	28622
25423	27866
21061	26553
23478	29685
25014	27759
23386	27988
23286	29583
21401	25754
23203	27120
22570	29409
24510	29717
22004	29844
22216	29181
24762	29040
23513	27081
23814	27917
24404	29645
24139	28968
21671	29517
24008	29801
22176	26941
21082	27600
21971	29768
21591	27472
25109	28368
25494	26443
21032	26208
22975	29143
23298	27193
22423	28053
23281	28519
21541	26280
24549	25598
24690	25526
22332	26695
23706	27198
24664	29346
23096	26513
24382	28203
21494	26540
25405	28271
22429	28615
22519	26753
24207	25505
23274	26974
22394	26155
22223	28062
25210	28221
23685	26904
25220	25922
23608	28839
24727	26924
23835	27872
22573	28578
24757	27431
25197	28137
23978	28270
21626	28797
24597	26914
22507	27624
21176	27804
24917	29886
25236	28108
23993	27102
23887	27261
23320	29621
25248	27691
23693	25504
23569	28742
22085	29856
22005	29807
25083	27397
23458	28771
21191	26563
22809	28220
22299	27931
24231	29974
22310	28060
21274	26950
21168	25776
21385	28598
24819	28851
22079	29164
24309	26256
21079	29509
24462	26985
24586	27702
25087	26301
23080	28138
23703	27693
24947	28751
22851	29043
23897	29531
23000	25864
25425	27776
21113	29837
23465	25668
25368	29534
22627	27887
25294	26747
21908	26464
21864	28919
24067	27984
24217	28289
21745	26682
22350	26999
21371	25581
22536	25897
22908	27099
22921	29457
21630	26618
23139	26027
22886	29598
22606	27171
21073	27874
21490	29048
24196	28008
23582	25835
21999	29344
23491	29400
24331	26457
22922	27767
21190	29577
22635	25813
22552	27350
21138	29702
21235	26739
24371	26077
24303	29124
23877	28971
22321	29614
22475	27214
23996	29941
24201	28024
21503	28016
21432	26273
24258	29832
21562	29436
22744	28854
21598	27054
24675	26136
22326	28640
22136	27510
25380	29314
22903	28987
23318	25866
21886	26165
24963	29434
24494	26636
21149	28432
23680	29036
21748	28904
23248	29591
24980	27129
24420	28458
24751	28357
21879	27450
24874	27457
21334	28949
21135	29318
24179	27338
21703	26167
23606	28565
21485	27897
23447	29566
22693	26103
24932	28561
22458	26326
25314	27259
24741	27758
24463	29884
22854	26708
23445	28873
21260	26900
23160	26964
24539	26620
21013	26257
24903	27755
21282	27183
21644	28047
24901	28506
24252	27495
24728	27512
24066	29902
25097	29965
23632	26125
23457	26435
23364	27816
23393	27554
22622	27463
23418	26600
21880	27983
23792	26438
23630	29528
21890	27485
24501	27115
24261	25945
23311	25930
22848	28011
24624	27496
23512	28929
21542	26364
22660	27969
23361	29665
25073	29458
24259	25591
22294	26065
23505	26352
23409	28641
22240	26187
21192	26057
25191	28275
23662	26416
23094	29472
21996	27561
21012	29329
21136	26442
24641	28354
21209	29826
21660	29250
23184	27294
22992	26907
21020	27995
24669	26684
23856	28186
22755	26737
23797	27080
23559	29919
24893	27009
21922	27058
24755	26013
22933	29851
23032	27938
22249	26733
24767	27558
22531	29595
21925	28763
23390	28028
24782	26423
24001	28909
21147	29794
22425	29333
23064	27607
22877	29361
21122	28421
25330	25644
24366	28399
25460	28152
23875	27643
22634	28847
23736	26728
21364	28107
25076	25743
21411	27812
24540	28943
22222	28009
23383	27717
21152	27659
23424	26448
24098	29214
22090	25737
22293	26419
21575	29518
21960	27857
22930	29811
23223	28326
24577	27240
22706	29220
21954	27894
21388	26863
24400	28446
25253	26730
21155	25718
22856	28886
24606	27867
23643	25611
21851	29601
23641	27021
22231	29115
24406	29877
23050	29694
22107	27733
23758	27196
21416	27169
22987	28559
25142	26221
22115	26533
22983	27856
23999	29026
22549	25700
23117	28811
24872	28504
23200	29098
25117	25550
23911	28127
22037	25920
22501	29286
22189	28006
21885	26148
25379	27883
24814	28703
21288	29697
21755	26350
22467	27002
25062	25647
24608	29141
23385	28897
21841	28951
22407	28581
25152	28573
22311	27535
25441	27398
23931	27528
24121	28833
25354	26223
24813	26005
21489	26643
24692	28341
24117	26562
24961	25816
22292	29522
22535	25965
24979	28255
24484	26131
21823	28218
21555	27948
22196	25863
22344	28330
24780	26405
22490	29343
23666	27902
24293	26911
22959	28379
21749	27508
23620	27449
24516	28163
24133	26003
23185	26332
23348	28398
24318	28250
22541	29322
23020	29966
21882	27853
24005	25697
21350	28748
24426	28019
25371	26178
24894	27337
21481	28267
24865	28144
21593	28507
23765	28450
24395	27934
22525	29249
22526	29912
23818	29858
23078	27742
23745	27551
24541	27437
22749	26279
21251	27731
23251	26755
22734	29304
24635	27638
24454	26726
21673	28597
22221	27023
22813	27153
21434	29709
21850	29761
23867	27124
23007	25972
22224	28202
24933	26847
24891	25844
22741	29599
21548	26228
25291	26105
21036	26220
23939	29846
23087	26139
22185	28863
24268	27423
21154	25558
22141	26965
22121	29604
22449	28121
25411	25597
22539	25838
24271	28903
21650	27047
22096	25814
22066	26175
21589	29412
21259	27893
21580	27229
22086	25854
21721	29689
23155	27899
23627	28921
24332	27180
25327	28901
24129	27407
23828	29184
22238	25891
21821	29501
23548	28733
24458	28265
24055	26200
22651	28963
23990	26050
22521	27191
23749	28350
21588	29823
21918	26605
23536	26466
24970	25939
25081	25621
21378	29997
21839	25861
24500	25578
22974	29032
22314	29942
21899	26203
23562	27823
24958	29325
21972	29497
21662	28986
23883	26765
24347	27898
22210	29747
22045	29917
25034	29687
21994	26657
24646	26431
22371	29336
23611	26363
22724	27187
21976	26439
25065	27159
22644	27617
22861	25870
24829	28577
24848	29820
25078	25652
25334	28073
24615	29950
22448	25596
23036	26088
24341	29633
22678	26023
24149	26255
22316	26681
25483	27442
21564	27569
24457	28849
22761	26790
23782	29738
23664	26112
24392	26415
25267	29290
24562	27186
22424	29099
25154	29618
21832	28305
25095	28889
24189	28213
23660	26865
23997	28000
22807	29727
23041	28878
23615	25577
25213	26458
25444	25699
23206	29117
21845	28912
22236	27044
23441	28550
23884	28425
24017	27735
23654	28111
24710	27942
24871	28981
21198	28787
24923	28999
23568	26452
22174	27176
23873	25958
23086	28651
23914	26185
24555	26444
23025	26973
23730	27922
24881	25940
24714	29391
23503	28860
24225	27978
22566	26736
24659	26344
22806	26735
21518	29356
25056	26932
24459	25783
22971	28495
22378	27175
22020	28566
21512	28334
24845	29519
21213	26386
22163	26969
22113	28645
23916	27842
23136	26857
24198	27718
22214	29226
24684	26901
21982	28528
24123	28215
23006	26147
23843	27903
24282	27929
22145	29077
22553	28966
25188	28737
25058	27956
22840	25625
23115	26812
21319	26041
25054	28937
22600	25902
21284	25780
24750	29147
25129	29885
23995	29244
21577	27158
22681	26056
24879	26634
24811	26625
21570	29648
24295	28233
22997	27411
22091	28727
23008	25721
21249	29493
23909	29676
24855	28520
24976	29581
24672	29145
25141	26758
21200	27530
25339	29719
22400	29943
23852	28693
24435	29155
21125	29835
24070	29480
24895	27588
21002	26677
23397	29131
21084	28876
21785	29789
24526	27438
23121	28669
22965	28714
21275	28068
21398	28459
24553	29160
22534	27571
24260	28738
23165	28331
23519	26218
24642	25846
23269	27328
21917	26168
22568	25912
23271	27766
25217	28588
22497	26483
21657	26114
25103	28895
21508	27452
23252	28246
23719	26120
24393	27348
22563	27019
21390	27696
22876	27406
25365	26453
22269	27057
21227	27957
24361	26921
22822	28777
23145	28675
25429	29022
22863	26306
24239	29524
21449	29510
23471	26539
22555	26536
25206	29429
23933	26598
22060	27782
25396	27987
23199	26075
23742	26059
21723	29113
25166	29090
22784	26909
24229	28859
25361	26592
22820	29854
25320	28384
23545	29251
24440	26217
25096	28352
23392	28488
22268	27386
23236	28301
24305	25508
23001	29567
22556	27918
24931	25943
22338	29741
23917	28348
21462	27870
25399	29872
25240	28575
24875	27838
24043	28983
23133	25880
25279	26892
23238	27999
23178	29332
25183	27285
25485	28492
21447	29556
23270	26024
21088	28123
22643	28081
22483	29707
25362	28252
23552	29576
24935	29516
25045	25955
21515	25541
21961	28590
22920	25584
21118	27873
25451	26534
22339	28761
23726	29349
22226	27249
24759	25536
24975	27050
22746	26947
22088	27589
23633	27361
21162	25501
25324	28048
23621	25702
23808	27560
22218	29615
23410	26917
25422	29976
21603	26474
21318	28782
21267	29975
24285	28924
21724	26858
21381	27489
23721	26406
25298	25675
24431	29945
23033	27433
21189	28318
24338	28085
22592	28136
21830	25503
21545	27960
24475	26294
22927	26054
22697	28667
21838	28200
23191	29341
24878	26343
24787	28249
22242	26011
22738	28155
21687	27394
21859	28628
21920	29387
24740	26996
24021	28776
23158	26635
21778	29840
22190	27085
24854	28181
23297	26629
23714	28437
23946	25964
21241	27515
23524	26652
21668	26323
24505	28743
22963	26573
21869	28059
21419	26524
24978	29677
25387	29084
24793	29095
24000	28036
24726	26715
25322	26000
23919	26417
21855	26724
24022	26092
21682	26570
23713	28891
22662	25827
22560	29537
22205	27007
24352	25590
23789	28810
22764	28225
22052	26613
22274	26785
23004	29257
25408	29514
24800	26108
21930	28374
24363	27891
21092	28653
25452	28530
22357	29253
22791	25852
21919	25888
23208	28524
21980	28900
22073	27181
25439	28268
23634	27920
24408	26559
24888	27727
23388	26409
24372	27354
23712	29427
24289	26773
23964	26253
23335	26014
24254	27346
23900	29144
21638	26818
23517	28263
25416	29425
22788	27502
22211	29992
24519	26418
22048	28866
23637	28480
21331	29162
24205	28264
21659	26919
24165	26237
22873	25680
23941	29495
25304	29086
24038	29034
23367	26266
23356	28731
24127	26546
24078	28118
24966	29996
22673	28232
23809	27140
21679	25544
21370	26531
24943	27324
22821	27095
25229	25609
21568	27500
25245	27286
25116	26654
24959	28609
23980	29212
21769	27296
22300	28994
23628	28741
21087	27210
23898	25820
24557	26159
21342	25539
24085	27217
22694	26270
22290	25686
24073	28767
24141	27182
21446	25970
24107	25706
24253	29153
23601	28774
25134	29169
24364	25742
22620	27705
25080	26320
22289	25753
22084	28335
24922	26797
24738	25683
23874	26502
24717	27252
22850	25748
24091	26815
24359	28766
24498	25661
23328	29784
22518	26558
25397	29408
24671	26776
22019	26571
21491	26766
21563	29270
21322	28510
21167	26004
24649	29259
25259	27714
21376	26875
25088	25855
21433	29195
24862	28877
21597	28602
23333	29764
23888	27166
23063	26248
24514	25751
21566	25800
23975	26347
23585	28908
21409	25679
21483	28523
25113	27548
25071	28056
24111	28419
21023	26923
21223	29449
22684	26830
21643	26954
22607	27012
25458	28965
21810	27582
24898	27736
23669	29786
24088	29788
22633	26295
25391	26465
25123	26282
24921	26393
24010	25663
24203	26028
24270	29775
25099	28183
22949	25705
21509	27849
22489	26201
24187	28772
22261	28187
25308	29401
25421	28707
25288	29129
24502	26309
22731	28726
25173	26894
22386	28209
21646	28395
21201	26860
21210	27858
22388	29536
22370	26501
23102	29809
21596	27368
21310	25560
24928	29762
24456	25967
21112	29486
21089	26696
22010	27299
23864	25871
22441	27544
24464	29831
21103	27959
22834	28373
21077	29816
21794	29450
21062	25656
22153	26641
22279	29388
21071	25907
24109	29772
21713	28800
23573	27679
21870	29414
24946	29760
24904	26541
22110	26404
24202	28941
24734	27104
22081	26341
22757	28734
25348	27345
22504	25778
21063	28440
24490	26277
23832	25918
23636	25832
25498	29442
21069	28172
21677	27026
23034	28775
21746	25787
25246	26468
21905	26429
22033	25671
22405	29049
24989	29570
23334	25793
22112	29368
23312	29398
23557	26124
21929	28721
23023	27694
22142	26811
24158	27268
21153	28451
21699	25872
23618	29180
22603	29661
25383	27341
25189	25510
24373	29882
21418	29087
21130	27509
23295	28918
22898	27687
23715	27783
21250	26471
22722	29443
23847	25538
22155	27483
25199	28338
22915	29256
23966	28346
21199	29478
25349	27355
21583	28007
24876	25797
23104	26449
21959	27352
21916	26334
25038	29345
25352	29670
22709	29859
22265	29275
23242	29635
25033	28527
25008	26803
22522	29490
22663	29422
22364	27329
23945	26254
22271	29780
24704	25875
24952	27174
23656	26895
25225	28875
24004	27440
24719	27574
21000	27024
24019	25670
25345	26990
22550	29484
25207	29800
23927	27204
21253	27612
22384	26046
21661	26870
22129	25689
24732	28871
25140	25637
24436	27499
22857	28514
21127	29242
22872	25895
22708	29037
24350	27980
25482	25572
24988	28422
25040	26886
24071	26672
24545	27119
21628	25997
23663	26658
22046	27660
24511	26395
23214	28791
24216	28319
22327	28747
21095	26177
22816	29938
21609	28190
24702	28952
25124	26292
23389	28698
21642	27593
22457	26795
24530	29210
23375	29107
21148	29194
24054	28184
21183	27730
21150	26274
22058	28336
24478	26389
22175	26038
25350	26412
25382	25533
21627	25905
24634	28601
23072	26171
21680	28589
21412	26052
22184	26335
23788	26599
21585	28239
22061	28905
22074	27462
22108	29555
22369	26984
25192	29435
23381	28695
22025	28441
21797	26704
23128	25701
23029	26980
24707	29553
21803	26545
21217	29012
22838	25903
23957	26745
23817	29979
22688	28580
21377	28906
24023	26132
23836	26520
23224	26845
21938	28844
21813	28168
23770	27775
24953	25684
24362	28280
21686	29700
23546	29755
23961	29889
22859	26879
21467	29303
23622	29465
23920	27251
24210	28251
24805	29380
22765	26667
21395	28773
21513	25665
24561	29521
24744	25886
24014	29003
21196	28672
24570	29381
23244	26688
22114	27581
24655	29047
21557	28996
23350	25549
21001	29006
25261	29646
21439	28226
23277	27879
24125	25978
23215	27556
21075	26660
24064	28805
21702	27773
22941	28586
25297	29288
23698	28644
24863	27939
21973	25904
25301	28946
22548	27128
21341	27745
21802	29558
21101	26651
24866	26324
24870	29814
24013	27831
24564	28991
23193	26202
22931	29930
24823	26889
23124	29108
21652	26595
24306	27756
25144	28611
22823	29933
24108	29852
22904	28989
23958	26576
22460	27203
23974	27098
21475	27774
24453	29710
22505	29379
21595	27206
24097	27243
22637	29692
21932	27880
22044	27933
23103	25956
24209	29248
23131	27373
25226	29123
23871	27220
24419	27826
23211	28204
21477	29803
24354	27111
25063	28468
23092	25555
25360	28248
25120	26877
21712	28623
21788	28688
23699	25898
24060	26718
24162	28604
24052	29684
24418	26037
21085	28780
22158	28928
21026	27790
23114	28356
22220	26673
22590	27010
22760	29182
23122	26606
21050	28534
25464	26227
23294	28109
23173	29358
23125	27441
23802	28405
21311	26939
23432	29861
21709	29773
21569	27330
23586	27747
22054	27446
23650	28038
22021	28115
24760	27921
21205	27434
23535	28278
24853	28154
25310	29638
22075	28856
24367	26793
24105	28552
22836	26141
23823	27038
24236	27682
21471	29403
21004	29230
24999	29668
22500	25704
21812	26083
24200	28407
24821	27587
21943	27545
25202	27419
23768	26150
21448	27877
23474	28069
22897	29001
23143	26250
25022	29539
21729	29624
22267	26970
22998	28497
22719	26247
25169	29206
22288	29462
22982	28670
24412	27974
23147	26461
24415	26142
22169	26420
24543	26116
21265	25759
21565	28394
24647	26122
21102	29011
23992	28236
24696	27062
23870	28592
24334	28308
22146	29774
23498	27952
25295	28337
21170	27794
21809	25915
25456	26665
22352	28005
22000	28285
21774	26316
21711	25934
23652	27079
21876	27152
25366	27358
23574	25507
24328	26040
21238	29829
23404	26680
21126	29925
21041	26265
22742	28253
25442	29397
24945	28075
22919	26104
24663	26902
22324	28130
22989	26425
21747	27985
24552	28307
24035	28035
23772	29120
21923	28722
25247	29973
25174	26791
24232	29362
23198	27799
24100	25617
23918	29369
21834	26698
24926	28223
24769	25745
22596	27906
22389	27211
22134	26135
23595	28143
22256	29328
24275	26880
22170	28938
21098	25620
22944	27309
24487	25941
21325	28933
24370	26778
24087	25869
22430	26260
23249	28448
25431	26342
22049	27297
25312	29215
23831	29929
23015	28620
23658	29628
25436	27036
21579	27035
22670	29360
24283	29596
21701	29293
21941	29529
22770	26760
24773	29898
21639	27770
24914	26370
21302	28827
22317	26992
25024	25719
21820	29083
22839	26699
21228	27833
23951	28503
23783	25724
23290	25587
23748	27202
21279	29520
22374	27690
24442	26945
23804	28456
23376	27000
21840	29138
23547	26927
24046	27447
25484	25975
25359	29541
25106	25613
22042	27065
21732	27644
24300	28888
23351	29291
24220	29100
24094	28124
22410	26089
22845	28571
22228	29507
23603	27344
24211	29888
24687	27721
25258	28065
22382	25601
23584	29870
25307	25932
21206	29331
24385	27145
21393	29417
22365	29647
23140	28014
21059	28911
24820	25809
24572	29573
23337	27052
22896	26721
24349	28122
21182	25600
22771	29544
22432	29588
24190	27828
24835	29183
21038	26630
22276	27020
22401	26837
23747	26670
23222	26241
23591	28146
24469	26291
21531	26067
23780	26467
22624	26020
22805	27713
22476	29339
25234	28303
21719	27666
23176	27383
22803	27993
25447	28094
23841	26106
24208	29526
24177	27757
22282	29477
23019	29271
21734	29883
23800	25763
22659	29338
24678	25646
21935	28410
23262	26033
23977	28157
23148	27628
23484	25612
22116	29582
24034	26007
21696	27869
25143	28423
25215	28835
21811	25769
22754	26638
23791	27951
21105	26063
21402	29611
21624	29112
24074	29893
25296	27046
24273	28063
23415	27247
24322	27064
24493	28207
24613	29825
24939	29485
21070	28617
24377	26993
23921	28061
21533	29187
25074	28729
21387	25641
22669	28635
24662	27573
23466	28828
25358	29441
21107	25836
25306	29002
21157	27360
25481	28509
21482	27992
23499	26368
21807	28165
22994	26859
21109	28413
22304	28104
23287	29900
23778	26509
23448	25524
22396	25784
22227	25660
23504	25916
21133	28420
21808	27625
24175	27982
21014	27178
21452	27336
23420	28925
23186	26173
22569	25520
24849	25545
22070	28614
23816	27465
25317	26626
22492	29262
24264	27370
25011	28067
24705	27390
22860	26920
22340	29696
22772	29688
24447	27219
21921	27676
23760	27563
25020	25717
24219	28433
24448	27273
21892	29114
23746	29955
21765	25502
21775	29511
24781	29525
23514	27232
22043	27662
23594	26846
25130	27320
22775	27405
21799	28899
22120	25774
24193	25885
23762	27032
23905	27456
25224	26074
22853	26867
24574	29058
21406	28241
21225	28135
23720	28788
22967	27464
22562	26942
23757	25760
22865	27847
23123	28850
21455	25921
22582	26582
22053	26614
24770	28424
23282	27389
23305	29052
24603	28151
22628	27852
21505	28639
24896	27729
22653	29993
21655	29217
24582	26499
21335	25973
23065	27133
23683	27750
21413	29947
22287	26099
24296	29323
24181	27860
21824	28141
23428	26742
22613	29240
25467	26281
24925	25818
24954	29808
22416	29152
21184	29355
24488	29725
22529	27565
23216	28807
22942	27761
21392	29649
24715	27599
23040	27594
24050	28254
21969	28382
22273	29959
24145	27923
25435	29812
24120	27235
21739	25573
23370	25789
22199	26091
24251	29594
23821	29236
22264	29718
23771	25959
24537	27295
24039	29041
22618	26240
24278	26348
25151	27375
24403	27492
21656	29059
24596	29868
22621	27504
23510	26398
22459	29841
22558	27253
23776	27163
22323	26796
23229	27479
23227	29726
21363	28392
25196	29951
21329	29239
21301	26194
22893	27937
21906	28494
24441	27646
23587	27601
21066	28545
24235	29159
23317	26339
22608	28982
25230	28576
24730	29711
25486	28822
25281	27720
22239	28083
22133	28417
24991	27516
22003	27208
25055	26885
23407	29751
24114	29869
24713	29067
23739	25521
21006	27621
25156	27030
23190	28512
22781	25831
23161	28216
21305	27127
24977	26833
21425	28970
21158	28214
23119	27964
21962	28840
22752	27093
21965	28402
24009	28745
21877	26036
22162	27185
23755	28029
22403	27077
22928	27650
24950	28439
21236	26497
22671	27201
22718	25522
22991	28655
24176	29642
24213	27103
24437	26045
24358	28052
22127	25976
22122	26650
22743	28238
22157	29987
22547	26666
23316	27552
24653	25893
21252	29986
22444	29276
21970	27459
22452	27097
24534	26244
22366	28260
21636	29705
22625	27722
21268	29371
25413	25713
23829	29265
21008	29796
22938	26481
21871	27138
21789	26357
25091	29863
21408	28237
23899	26012
22461	27579
25272	26940
22705	27107
22615	27340
22013	25553
23940	29432
22812	25576
25111	26427
21468	29386
21380	29404
23419	27146
22171	28794
25112	25957
24798	29474
24772	25843
21340	28327
21391	27958
22691	27637
21404	29461
22235	28567
22117	25845
24949	27420
24477	29017
21572	29928
21132	29188
21175	27772
25428	27994
22063	26234
25101	27106
21506	29023
23580	28862
22661	26675
22246	29411
24964	28376
23369	27385
24900	27998
23740	27768
24830	29154
21843	28361
21902	28496
23786	27215
24248	26303
21083	27236
21594	27302
21705	27484
24841	26205
22361	27586
21169	29934
24825	26619
22750	26823
22780	26617
25001	28332
24673	25994
25160	26478
24559	25711
22105	28149
23416	26336
23438	29586
25064	29756
22442	25929
23879	28969
24077	29699
24667	29963
24601	27265
23010	28682
24774	29720
23439	25879
24310	28768
23426	27946
22640	26692
24941	26422
24199	29456
22611	29009
25139	26712
25269	27797
24605	25857
23967	27636
21561	28686
22036	27945
23599	29847
24031	28832
23509	27125
22420	27395
25066	27460
23716	29515
23405	26659
21025	25714
22333	29842
25104	27144
22482	29255
24027	29104
23853	29654
23527	25878
23981	28678
23991	25634
24661	26262
24224	28814
22664	26953
22594	27862
22540	26239
21683	27284
23769	27904
21120	26931
23704	25511
24414	25963
24766	26340
24934	26264
21539	27618
24218	28518
22041	26611
21048	29232
24695	26685
25131	29565
22192	29663
25105	25881
23061	29664
25343	26868
22902	28245
21553	29482
22689	29204
22737	26738
21366	28760
23497	26674
23610	26034
24188	28765
24277	28564
25209	28256
24148	28917
24965	27387
21137	28750
21441	29799
23820	28829
25372	27626
22243	29931
25125	26327
23469	28306
25477	27221
25250	27843
24256	29105
23798	25825
25315	25691
23111	27353
21108	27094
25190	27048
23468	27427
21974	26134
24832	26800
21299	28430
22768	26346
23959	27686
22040	29563
24858	29235
25201	26095
24808	25559
22847	26491
22144	27255
22515	26609
21306	29125
23944	29082
22808	28133
24906	29186
23651	28836
25450	28660
23258	29650
22164	25506
23850	27819
21258	28449
25329	29712
22373	27134
23212	26044
25344	28428
21731	27083
23619	28793
24834	29617
23647	29311
22354	29192
21256	26179
24882	26817
24503	25954
24951	26827
21397	26975
22487	29817
24483	28329
21090	26215
23475	26286
25044	26662
21744	27234
22508	27748
21621	28821
24314	28529
21349	26529
24768	29913
23724	29140
25493	27549
21054	28490
21635	28302
23247	28537
23085	27672
21602	25537
23306	27540
22932	27132
25274	26042
24791	26355
21948	29039
25228	29136
21529	26750
24689	28890
25438	27195
24698	29892
23694	28465
25491	27280
23998	27155
25262	26873
21852	27568
25051	29267
22208	29073
21985	28477
21842	26689
21161	26107
23056	26210
23570	27996
22612	25583
24496	28701
22124	26263
24286	29008
25165	28867
23076	29848
24826	28167
22599	28464
22358	27199
22296	27649
21995	26831
23126	28718
23626	28447
21117	27975
23017	27403
21904	29683
23956	26683
21692	27043
24197	26888
22551	27553
21805	27157
21497	26872
23044	25821
24024	28131
24396	27073
21320	26767
21983	25565
22512	27810
22686	26623
21783	26977
22245	27868
21587	27913
24595	28455
22937	28654
23617	28258
25251	29392
24101	25630
22109	28697
25264	26898
21607	28663
24637	27973
23833	25557
25178	27088
22947	29420
23988	27547
23854	29523
22995	25834
24693	25777
21735	26511
25417	28100
22445	29142
25351	28874
22837	26137
25046	28224
21860	25771
25282	28914
22579	25642
23950	26584
22481	29610
23483	26156
24059	26686
24666	28802
24465	27890
23986	27590
23175	26720
24927	26302
24485	26219
24908	28018
21872	29626
22250	27154
24775	29612
22559	25977
21469	28387
21222	28499
21792	26786
23430	27596
23473	25927
22402	27326
23754	26198
24399	25633
24274	26723
23489	27005
22732	25618
23241	28868
23731	27927
22028	25935
24170	27425
23671	26271
25010	29437
24026	26915
21536	26064
21143	29783
23054	26916
21034	26966
21835	28755
22491	27349
24629	27792
24461	26938
23500	28831
24869	26138
21818	28596
25147	29165
22421	27123
21437	26441
24973	26749
24731	29954
23904	29967
24969	28498
23170	25779
22721	27149
24796	29139
24002	29245
23177	27925
25487	26504
21836	29306
25012	29297
25271	27207
21266	26213
23021	28158
25426	27875
22094	26528
22200	26593
25280	28147
22524	29850
22690	26396
22030	25515
22484	25889
21124	25908
22871	29279
24068	29167
22988	27585
22007	28593
23329	27334
25476	29895
24249	29312
22576	26328
22940	28594
23915	29890
25006	29065
23027	26387
23528	28304
25302	26771
22934	26687
21165	28102
23101	27824
22619	27283
22087	27312
22059	29489
23667	26668
24560	28101
22878	26816
23979	26578
22682	26353
23315	26577
21853	27522
22939	25974
21571	29644
21849	29488
23751	27051
24144	29589
24971	27400
25053	25586
23834	29119
22247	27821
23684	29745
22101	26710
23774	26051
23330	26261
23379	26792
23609	26997
22616	28934
25026	26384
25313	28471
22862	27016
24797	28795
23449	26360
21816	26329
24937	26807
25208	29828
22330	27415
21694	26918
22666	28922
25135	27258
22798	27762
21060	27167
21365	26365
21761	25792
21837	28885
23169	26731
23052	26069
21502	25588
23135	29936
22473	29669
22506	29734
24761	29561
23239	29876
25032	27241
21193	25971
21907	26741
22800	28907
21511	27031
23578	29072
21272	27017
24476	29969
21338	28176
21429	26236
22285	28517
23741	29102
22015	27200
21493	28708
24700	25731
24716	27724
25119	27315
25084	26986
22950	27697
21556	28525
23766	25811
25260	29384
24576	26981
22779	29671
25180	27615
21700	28317
24982	25766
21445	27613
25410	27901
21049	29231
25303	29915
24607	26763
24439	29873
22587	29468
21016	29995
24513	26296
21848	29653
24764	25540
23183	26645
21822	25667
24754	28826
22387	27865
22936	26183
21956	29007
24524	29454
23180	26488
23343	28323
25374	28681
23507	28313
23700	25839
23785	27653
21030	27453
22610	28297
23690	28084
22152	29548
22159	26428
24892	27603
25392	25650
21458	27392
25276	26390
25270	29887
23949	27818
24356	26197
24654	27786
24016	26166
21654	26963
25488	29440
23494	26082
22591	27703
23144	25884
24497	28515
23590	26928
22698	27382
23213	26113
21535	28020
24589	26053
24720	27366
24410	29630
21195	28478
21399	29977
24838	26022
24929	26314
25277	28244
24746	28606
22751	26775
24683	28051
22414	26829
25335	28513
22280	28482
21035	27436
24284	28685
23480	27042
25388	29564
24147	27673
23894	26290
25305	29243
23598	27063
23272	27192
25002	28762
22023	27439
24365	27357
21405	26371
21757	29792
22727	29981
25440	29069
21174	26001
25237	25781
21498	29054
24718	25643
25378	27173
21567	28756
22284	27396
24651	28033
25283	26176
22584	26143
22629	25849
21053	28870
24130	27027
24703	25690
22477	29247
24828	26679
21743	28815
22422	27291
23099	26840
25448	26430
25009	25988
24131	28945
22453	27677
23444	29733
22879	25619
21281	27962
23968	26021
23097	28957
24771	28309
24899	28842
24375	29161
21100	28474
22825	25807
21550	26313
22034	27116
22792	29940
21675	26388
24240	27356
22334	27277
23846	29857
25042	28549
25409	27041
24215	26754
24280	29739
23495	26958
23100	26828
24507	27963
23267	29056
22051	27507
24072	28166
24062	26787
23893	26779
24533	26319
22544	28485
23285	28659
22835	25950
22229	26982
21633	25653
22026	27117
25186	28445
24859	26146
22118	28668
22829	27657
21480	28261
24183	25740
22545	27632
22252	26181
22202	26544
22215	28790
21600	29752
21470	26096
22954	25626
22392	27393
24491	27830
23402	27486
24086	26714
23688	29202
23396	28282
23304	25741
22874	29916
21304	25989
23759	26460
21094	27704
21998	25772
22912	26661
22057	28294
22413	29634
23323	29680
23118	26869
23982	25546
24551	28818
22277	27164
24287	26882
22638	25873
25338	28531
22272	25567
23042	26199
22258	29172
21806	29660
23359	29225
21586	28276
24920	26952
25480	28126
23146	28064
22720	26297
21293	28315
24106	28188
21114	28608
22887	28824
25164	27564
22913	29918
25293	29321
22391	27278
24660	27576
22819	27311
21374	27740
24140	26392
24786	26494
24581	29849
22177	26436
21784	27351
25223	29315
21057	25999
23151	26233
21202	27749
23341	27778
23640	28344
23936	27072
23264	28544
22601	29295
23417	28584
22325	26231
25028	27451
25463	29978
22119	25951
24411	25919
22078	27661
24709	25803
23014	29464
22341	26908
23541	28145
21022	27908
22758	28003
22564	28556
22906	28656
21532	27304
23525	27655
21718	25547
24470	27591
23059	26740
25373	28585
23795	25698
24956	29042
23253	25563
21247	29395
25433	28390
22083	28343
24152	26015
24657	27410
23437	27090
24186	27771
22197	25564
23346	26480
24344	29580
22866	29686
21487	29608
25149	29046
23043	29185
25121	27533
24402	28491
22935	25580
22649	28792
22588	26304
22841	29289
22785	26968
24159	27513
21146	29766
24590	28926
23240	27801
22756	28031
23384	27008
21292	29033
21787	25837
25445	27380
24544	27150
24033	26743
21968	29035
22315	26979
25403	29944
25137	26152
21367	29309
25170	29109
25187	28624
23220	28562
21307	28412
24434	26066
24643	27493
22567	25808
23431	25968
23891	28105
22538	28967
22542	26411
21819	28939
23347	26705
21244	26976
24518	27082
23970	25595
23045	28665
23283	29363
21264	29703
22435	26413
25037	28913
25390	28522
22260	25517
24517	27101
22213	27738
24974	26602
22676	28479
25239	26537
22586	26272
23062	28169
24843	28042
25043	27078
23157	27765
23686	28730
21964	29793
21847	29623
23413	26649
22528	28687
21055	28657
21804	29091
25233	26832
23387	28393
21486	27086
25013	26358
22253	28339
24102	26752
24340	27888
24080	29592
25286	28869
23572	25514
24691	26490
23159	29908
24802	27488
22911	29352
21207	26129
22969	27846
22008	26835
23352	28680
23265	27577
22071	27813
25278	29750
23138	27723
24294	28817
23365	29452
24708	27060
24083	29168
23655	27279
23313	29479
24451	25752
25150	26426
21504	27800
21767	27254
24037	25585
21645	25685
23707	27435
22981	25962
24584	28057
21955	26377
25179	29899
22581	27542
23246	27511
21171	26557
23026	28629
23725	25669
23558	28988
24890	28535
24868	26716
24594	28553
23565	28372
21772	26944
23723	27432
24298	26283
22173	27498
23273	28547
23575	29021
23989	29085
22665	26813
22186	28542
22713	26644
22880	29763
24609	28386
24360	29778
21351	28758
25235	27834
23631	29081
23314	29016
23038	26246
23733	27444
21496	28916
24803	27543
23538	27108
21164	25722
23857	29708
22089	26746
24065	27327
24473	25983
21360	25928
25118	26789
23276	29552
23661	26361
21528	27683
22597	28161
24307	29193
24682	29546
23806	29292
21647	28500
21768	26978
24712	26312
21762	29283
24756	28106
23113	27610
23261	26762
23166	27648
23711	27271
24113	28634
23876	25931
21888	27013
24912	27538
21208	28046
24902	25982
24291	27429
22984	28316
25393	27473
24616	29284
22907	25981
24090	27737
24355	28411
21827	28702
24955	29748
24433	26495
21928	27541
21478	25762
22493	27209
23112	29641
23360	28579
23188	25830
23896	26788
23090	28097
22283	27839
22956	25810
23645	26806
23554	27339
21072	27935
25292	29029
25158	26987
23408	26719
22024	29557
25212	28247
23796	26031
25035	27796
21076	29246
21410	28754
22187	26819
21027	29533
24604	28848
24873	28174
23292	29575
24082	29163
21261	27779
21106	28985
23411	27835
24585	27084
24650	27067
21649	29415
23344	29177
23162	28625
23030	29234
23201	25513
24633	26610
21903	27526
21031	29881
22248	29958
23156	28739
21611	26820
24550	29258
24124	29651
25285	26475
24471	28178
23395	27212
21464	28054
21058	28896
22412	26951
23926	29389
24508	26196
21891	28538
24910	25798
24489	25901
22233	26854
24195	28732
23436	25645
24905	29174
23646	29285
23960	26893
21185	29208
23878	28956
21348	25570
23339	28385
21297	27598
22824	28098
23544	25579
22502	28365
24126	26133
22298	29273
25468	27681
21051	29278
25414	26373
24836	28902
22259	27616
23882	29921
22572	26349
23301	29445
24343	29238
21221	25638
21777	27156
22018	27861
24299	25635
23055	27151
23752	26079
23753	26567
23049	25687
23910	26372
22593	27262
23523	29469
22704	28887
24631	26287
23501	27665
24061	29988
23349	28940
24443	26729
23189	29132
23368	25710
23564	29097
23446	26732
23729	29405
24579	25890
22209	26380
22207	27287
21173	27454
22098	29307
23520	25801
23697	27426
22652	29724
24620	26060
23708	27809
21517	25796
24182	29770
24132	29714
24907	25707
23110	25782
23906	25725
21678	26157
24816	27695
25069	27940
21232	25599
23325	26991
24499	27399
22828	25654
22346	28927
22362	25775
25168	27753
22055	29743
24688	26799
21753	29927
21040	25933
21759	27231
23705	27708
25231	29901
24173	29960
22602	25883
25146	26367
24676	29939
21015	27289
25446	28605
25172	28475
23735	25659
24626	26437
24818	28720
23456	27402
22740	26851
22815	29746
23793	29874
22687	28932
23414	28351
24743	25840
22716	26700
24915	29706
21653	25639
24520	29932
23485	27827
23674	26866
21865	25658
21479	29148
21181	26843
24192	27421
25496	29444
24171	25624
25059	29324
22672	29662
23555	26337
22143	26656
23533	28626
22763	28171
22889	26783
22097	27991
21093	28043
23838	25961
22641	29543
22125	27148
23677	26119
21295	26591
22428	27976
24255	25677
25369	25662
22962	27829
22892	27069
25133	29471
24694	27850
24600	26486
24391	28364
23563	26774
23930	27455
22301	28287
21078	29463
24160	29989
22411	28032
25309	27743
22038	25900
21424	27968
21939	27744
23750	28112
23202	29907
25060	26632
23467	27367
21704	27018
25171	27365
22244	28325
22001	25548
23082	28820
21695	28516
24807	28257
22511	29064
23596	29716
21427	26345
22736	25746
24640	26697
22166	28438
22148	27480
24578	27805
21715	25681
25122	25589
23932	27532
24137	28947
22996	29779
25132	27802
24846	26225
21944	27641
22617	29790
21291	29004
22654	27689
25015	25859
24481	26397
21018	28240
24542	25527
22647	26782
22537	26526
22905	29467
23195	27668
21989	29513
21975	26226
24103	27863
24565	26130
25232	27864
22699	27955
21246	27789
24789	26381
21080	29658
23777	29903
23230	27531
21584	26164
25242	25860
24119	26500
25193	29448
22890	29191
23288	26472
24474	29014
24379	29721
22516	27602
23152	27741
21714	27290
24492	28189
24622	27719
25401	29399
23280	29701
25415	26307
22870	27471
21946	26055
24885	29199
24587	26887
23673	27715
21881	29894
22520	27416
22263	27306
23255	27698
23028	27130
23839	26568
24397	28363
21615	27787
21573	26581
23687	25791
22195	29839
21895	29118
24701	28359
21681	25841
24029	27377
22286	29560
22729	28679
24128	26018
22884	27911
24784	28619
22419	28689
21629	26891
23892	27501
23837	29494
21667	26477
23382	25833
22645	28980
25100	26844
21204	27521
22695	28273
24783	25608
23228	28725
21074	27848
21697	28845
21128	29121
24063	26756
22733	28719
25311	28717
21893	26284
25453	25542
25471	29953
25406	28599
24618	26842
21997	26983
23648	26934
23088	29822
23077	29834
25243	28401
25449	26759
23012	28001
23947	28948
22842	26245
25437	29372
25029	29378
22773	27143
23481	27525
22367	29920
23127	28415
21741	29880
25049	28086
23593	29758
24316	25773
25323	27126
24047	29476
21710	26170
21936	28476
21328	25528
22147	26647
25290	26434
22469	28973
21226	27506
24752	29948
24369	27228
21726	26160
25238	26195
22514	25942
21780	26154
21614	26010
25127	26713
22810	29402
21910	27592
23737	28383
25342	28711
24376	27654
23935	29221
21081	26153
24924	26087
22702	26516
22399	28023
22748	26801
22437	27321
23022	28148
23649	27363
21861	26163
24547	28074
24325	28931
25492	29629
24174	29460
23556	27372
23668	27639
24996	26385
21139	28195
24374	26583
22161	27468
22655	29698
24092	28192
24243	27391
23066	25534
22961	29260
21407	26451
22783	27892
22894	27966
23924	29390
23851	26946
21005	28587
23377	29089
25356	28944
21220	27807
23308	26043
22426	25946
22914	27076
23372	26289
25211	28546
21492	28095
21086	28582
21270	29956
25299	25629
23134	26594
22320	26515
21530	29410
23761	28569
21454	29377
22291	29843
21963	26588
21634	27414
24749	28259
22140	27059
22474	26101
23093	27068
21867	27141
24938	29383
23605	26492
24416	26356
22368	28486
25030	27071
24804	25953
23116	26579
22390	28322
25404	26498
25265	29050
22266	28749
23391	26972
24742	27388
24504	27335
23452	26118
24617	28648
21751	28369
23455	28984
24389	26956
25093	28618
23345	29678
23571	28942
23167	26402
25221	29135
21884	27905
25241	29272
22230	27537
24058	28093
24887	26383
21915	27595
21937	29723
22029	27476
21952	26407
25479	29264
25364	28865
23942	26102
21728	27878
22002	27172
22817	28724
21894	26671
22648	27490
21554	28603
24638	26794
21309	26612
21868	26489
23171	28403
23338	28799
24081	26269
23293	28153
21637	29983
22858	29631
24817	29639
25455	25694
21218	27034
23181	27619
21339	29031
21426	28493
25287	25944
22193	26580
23107	27645
24986	27497
22331	29795
22778	27162
23866	29430
24445	25703
22657	28526
22918	25995
21538	27539
23358	28467
25466	28170
21979	28852
22180	26989
24172	28041
24506	26955
24571	26078
22156	26354
24486	26781
22595	29906
25489	29695
25004	29722
22067	28484
23234	29949
24567	29241
25148	26073
21140	27109
24776	28804
22383	28487
24238	28649
25057	29559
22701	26810
22717	29268
23860	25992
23302	29769
23710	28324
23929	29382
24575	28816
24897	27075
22102	29419
25016	27798
22472	28712
25107	25947
21648	29178
22527	25896
21737	28175
22958	27671
23744	29407
24864	27751
21740	25757
22080	26026
22409	29607
21738	28879
21361	29149
21457	26506
24247	26856
21537	25984
21519	28910
21068	27244
24625	27011
21520	28460
22262	29093
25459	27184
24665	26224
21612	27478
22212	28607
21488	28279
21277	25593
22031	29970
24610	28140
22546	29300
24427	27884
23018	26808
24237	29730
22077	28555
23219	29757
22479	28950
21523	25980
22068	25616
21197	28222
24161	28857
22978	27580
22711	27709
23794	28993
24623	26446
24234	29075
24482	27292
24916	26702
22103	29964
24164	26631
24007	25554
24337	29447
22446	29416
22977	26310
23827	29637
24735	25758
24568	28347
24036	27597
24788	29499
23902	26703
24850	28583
22972	26910
24214	25906
23463	28501
24323	25512
24430	28801
25318	27620
24990	28976
23567	25571
21521	26549
24265	28541
24357	27566
24753	29385
22799	28353
24040	28690
23482	29732
21770	26072
25470	27477
24598	28673
23490	27470
22198	28563
23355	29252
23681	28092
